1.8048e-08 -1.8048e-08 2.7932e-15
5.9231e-08 -5.9231e-08 3.5757e-15
1.5131e-07 -1.5131e-07 4.0689e-15
3.2972e-07 -3.2972e-07 4.5513e-15
6.2632e-07 -6.2632e-07 5.0679e-15
1.0612e-06 -1.0612e-06 5.6258e-15
1.6427e-06 -1.6427e-06 6.2263e-15
2.3722e-06 -2.3722e-06 6.8700e-15
3.2471e-06 -3.2471e-06 7.5578e-15
4.2638e-06 -4.2638e-06 8.2913e-15
5.4183e-06 -5.4183e-06 9.0735e-15
6.7057e-06 -6.7057e-06 9.9060e-15
8.1235e-06 -8.1235e-06 1.0789e-14
9.6670e-06 -9.6670e-06 1.1722e-14
1.1333e-05 -1.1333e-05 1.2702e-14
1.3118e-05 -1.3118e-05 1.3725e-14
1.5021e-05 -1.5021e-05 1.4786e-14
1.7037e-05 -1.7037e-05 1.5879e-14
1.9164e-05 -1.9164e-05 1.6997e-14
2.1399e-05 -2.1399e-05 1.8136e-14
2.3740e-05 -2.3740e-05 1.9291e-14
2.6184e-05 -2.6184e-05 2.0457e-14
2.8730e-05 -2.8730e-05 2.1632e-14
3.1376e-05 -3.1376e-05 2.2813e-14
3.4117e-05 -3.4117e-05 2.3998e-14
3.6953e-05 -3.6953e-05 2.5184e-14
3.9883e-05 -3.9883e-05 2.6371e-14
4.2903e-05 -4.2903e-05 2.7558e-14
4.6012e-05 -4.6012e-05 2.8743e-14
4.9208e-05 -4.9208e-05 2.9925e-14
5.2561e-05 -5.2561e-05 2.9707e-14
5.6003e-05 -5.6003e-05 2.9484e-14
5.9529e-05 -5.9529e-05 2.9257e-14
6.3147e-05 -6.3147e-05 2.9026e-14
6.6842e-05 -6.6842e-05 2.8790e-14
7.0622e-05 -7.0622e-05 2.8550e-14
7.4481e-05 -7.4481e-05 2.8306e-14
7.8415e-05 -7.8415e-05 2.8058e-14
8.2429e-05 -8.2429e-05 2.7806e-14
8.6518e-05 -8.6518e-05 2.7550e-14
9.0681e-05 -9.0681e-05 2.7290e-14
9.4914e-05 -9.4914e-05 2.7025e-14
9.9218e-05 -9.9218e-05 2.6756e-14
1.0359e-04 -1.0359e-04 2.6483e-14
1.0803e-04 -1.0803e-04 2.6206e-14
1.1253e-04 -1.1253e-04 2.5925e-14
1.1710e-04 -1.1710e-04 2.5640e-14
1.2173e-04 -1.2173e-04 2.5350e-14
1.2642e-04 -1.2642e-04 2.5056e-14
