-1.2028e-17 -5.2963e-15 5.3083e-15
-9.2476e-17 -3.7670e-14 3.7762e-14
-6.3462e-16 -2.3899e-13 2.3962e-13
-4.3086e-15 -1.4970e-12 1.5014e-12
-2.9512e-14 -9.3828e-12 9.4123e-12
-2.0862e-13 -5.8929e-11 5.9138e-11
-1.5853e-12 -3.6972e-10 3.7131e-10
-1.3801e-11 -2.2878e-09 2.3016e-09
-2.0879e-08 2.0499e-08 3.7968e-10
-4.1223e-08 4.1156e-08 6.7723e-11
-7.5630e-08 7.5612e-08 1.7869e-11
-1.3724e-07 1.3723e-07 9.8565e-12
-2.3803e-07 2.3803e-07 8.4341e-12
-3.8553e-07 3.8552e-07 7.7953e-12
-5.8248e-07 5.8248e-07 6.5614e-12
-8.2918e-07 8.2918e-07 4.2380e-12
-1.1252e-06 1.1252e-06 1.8844e-12
-1.4690e-06 1.4690e-06 6.3911e-13
-1.8587e-06 1.8587e-06 1.9316e-13
-2.2927e-06 2.2927e-06 5.5826e-14
-2.7697e-06 2.7697e-06 1.5216e-14
-3.2884e-06 3.2884e-06 3.1952e-15
-3.8477e-06 3.8477e-06 -4.7370e-16
-4.4467e-06 4.4467e-06 -1.7019e-15
-5.0842e-06 5.0842e-06 -2.2188e-15
-5.7597e-06 5.7597e-06 -2.5339e-15
-6.4720e-06 6.4720e-06 -2.7986e-15
-7.2203e-06 7.2203e-06 -3.0587e-15
-8.0033e-06 8.0033e-06 -3.3281e-15
-8.8218e-06 8.8218e-06 -3.6112e-15
-9.6730e-06 9.6730e-06 -3.9091e-15
-1.0558e-05 1.0558e-05 -4.2214e-15
-1.1475e-05 1.1475e-05 -4.5470e-15
-1.2424e-05 1.2424e-05 -4.8843e-15
-1.3404e-05 1.3404e-05 -5.2318e-15
-1.4413e-05 1.4413e-05 -5.5875e-15
-1.5453e-05 1.5453e-05 -5.9500e-15
-1.6521e-05 1.6521e-05 -6.3176e-15
-1.7617e-05 1.7617e-05 -6.6892e-15
-1.8743e-05 1.8743e-05 -7.0636e-15
-1.9894e-05 1.9894e-05 -7.4401e-15
-2.1072e-05 2.1072e-05 -7.8179e-15
-2.2277e-05 2.2277e-05 -8.1966e-15
-2.3506e-05 2.3506e-05 -8.5755e-15
-2.4757e-05 2.4757e-05 -8.9546e-15
-2.6035e-05 2.6035e-05 -9.3330e-15
-2.7337e-05 2.7337e-05 -9.7107e-15
-2.8661e-05 2.8661e-05 -1.0087e-14
-3.0007e-05 3.0007e-05 -1.0463e-14
-3.1377e-05 3.1377e-05 -1.0837e-14
-3.2765e-05 3.2765e-05 -1.1209e-14
-3.4183e-05 3.4183e-05 -1.1580e-14
-3.5614e-05 3.5614e-05 -1.1949e-14
-3.7055e-05 3.7055e-05 -1.2317e-14
-3.8526e-05 3.8526e-05 -1.2682e-14
-4.0011e-05 4.0011e-05 -1.3045e-14
-4.1511e-05 4.1511e-05 -1.3405e-14
