-5.9927e-09 5.9927e-09 -9.5244e-16
-1.9667e-08 1.9667e-08 -1.2159e-15
-5.0241e-08 5.0241e-08 -1.3803e-15
-1.0948e-07 1.0948e-07 -1.5406e-15
-2.0796e-07 2.0796e-07 -1.7122e-15
-3.5235e-07 3.5235e-07 -1.8974e-15
-5.4545e-07 5.4545e-07 -2.0965e-15
-7.8766e-07 7.8766e-07 -2.3089e-15
-1.0782e-06 1.0782e-06 -2.5338e-15
-1.4157e-06 1.4157e-06 -2.7726e-15
-1.7990e-06 1.7990e-06 -3.0289e-15
-2.2266e-06 2.2266e-06 -3.3039e-15
-2.6973e-06 2.6973e-06 -3.5967e-15
-3.2098e-06 3.2098e-06 -3.9063e-15
-3.7631e-06 3.7631e-06 -4.2318e-15
-4.3559e-06 4.3559e-06 -4.5716e-15
-4.9876e-06 4.9876e-06 -4.9239e-15
-5.6570e-06 5.6570e-06 -5.2869e-15
-6.3632e-06 6.3632e-06 -5.6584e-15
-7.1055e-06 7.1055e-06 -6.0367e-15
-7.8825e-06 7.8825e-06 -6.4202e-15
-8.6942e-06 8.6942e-06 -6.8077e-15
-9.5395e-06 9.5395e-06 -7.1980e-15
-1.0418e-05 1.0418e-05 -7.5902e-15
-1.1328e-05 1.1328e-05 -7.9837e-15
-1.2270e-05 1.2270e-05 -8.3779e-15
-1.3243e-05 1.3243e-05 -8.7723e-15
-1.4245e-05 1.4245e-05 -9.1664e-15
-1.5278e-05 1.5278e-05 -9.5602e-15
-1.6339e-05 1.6339e-05 -9.9531e-15
-1.7429e-05 1.7429e-05 -1.0345e-14
-1.8546e-05 1.8546e-05 -1.0736e-14
-1.9689e-05 1.9689e-05 -1.1125e-14
-2.0860e-05 2.0860e-05 -1.1513e-14
-2.2055e-05 2.2055e-05 -1.1900e-14
-2.3276e-05 2.3276e-05 -1.2285e-14
-2.4523e-05 2.4523e-05 -1.2668e-14
-2.5792e-05 2.5792e-05 -1.3049e-14
-2.7085e-05 2.7085e-05 -1.3428e-14
-2.8399e-05 2.8399e-05 -1.3806e-14
-2.9740e-05 2.9740e-05 -1.4181e-14
-3.1099e-05 3.1099e-05 -1.4554e-14
-3.2474e-05 3.2474e-05 -1.4925e-14
-3.3873e-05 3.3873e-05 -1.5293e-14
-3.5292e-05 3.5292e-05 -1.5660e-14
-3.6731e-05 3.6731e-05 -1.6024e-14
-3.8184e-05 3.8184e-05 -1.6385e-14
-3.9657e-05 3.9657e-05 -1.6744e-14
-4.1147e-05 4.1147e-05 -1.7100e-14
-4.2656e-05 4.2656e-05 -1.7453e-14
-4.4171e-05 4.4171e-05 -1.7804e-14
-4.5712e-05 4.5712e-05 -1.8152e-14
-4.7257e-05 4.7257e-05 -1.8497e-14
-4.8820e-05 4.8820e-05 -1.8839e-14
-5.0393e-05 5.0393e-05 -1.9178e-14
-5.1985e-05 5.1985e-05 -1.9513e-14
-5.3584e-05 5.3584e-05 -1.9846e-14
-5.5190e-05 5.5190e-05 -2.0176e-14
-5.6807e-05 5.6807e-05 -2.0502e-14
-5.8439e-05 5.8439e-05 -2.0825e-14
-5.8518e-05 5.8518e-05 -2.0373e-14
-5.8588e-05 5.8588e-05 -1.9921e-14
-5.8661e-05 5.8661e-05 -1.9469e-14
-5.8733e-05 5.8733e-05 -1.9016e-14
-5.8803e-05 5.8803e-05 -1.8563e-14
-5.8872e-05 5.8872e-05 -1.8109e-14
-5.8940e-05 5.8940e-05 -1.7654e-14
-5.9008e-05 5.9008e-05 -1.7199e-14
-5.9075e-05 5.9075e-05 -1.6743e-14
-5.9140e-05 5.9140e-05 -1.6287e-14
-5.9191e-05 5.9191e-05 -1.5831e-14
-5.9271e-05 5.9271e-05 -1.5373e-14
-5.9333e-05 5.9333e-05 -1.4915e-14
-5.9396e-05 5.9396e-05 -1.4457e-14
-5.9456e-05 5.9456e-05 -1.3998e-14
-5.9516e-05 5.9516e-05 -1.3540e-14
-5.9576e-05 5.9576e-05 -1.3081e-14
-5.9636e-05 5.9636e-05 -1.2622e-14
-5.9696e-05 5.9696e-05 -1.2163e-14
-5.9756e-05 5.9756e-05 -1.1704e-14
-5.9814e-05 5.9814e-05 -1.1246e-14
-5.9870e-05 5.9870e-05 -1.0787e-14
-5.9928e-05 5.9928e-05 -1.0330e-14
-5.9980e-05 5.9980e-05 -9.8734e-15
-6.0040e-05 6.0040e-05 -9.4170e-15
-6.0093e-05 6.0093e-05 -8.9624e-15
-6.0141e-05 6.0141e-05 -8.5116e-15
-6.0205e-05 6.0205e-05 -8.0603e-15
-6.0254e-05 6.0254e-05 -7.6134e-15
-6.0305e-05 6.0305e-05 -7.1722e-15
-6.0354e-05 6.0354e-05 -6.7347e-15
-6.0417e-05 6.0417e-05 -6.3011e-15
-6.0475e-05 6.0475e-05 -5.8772e-15
-6.0530e-05 6.0530e-05 -5.4615e-15
-6.0584e-05 6.0584e-05 -5.0512e-15
-6.0638e-05 6.0638e-05 -4.6243e-15
-6.0689e-05 6.0689e-05 -4.0802e-15
-6.0743e-05 6.0743e-05 -2.9743e-15
-6.0802e-05 6.0802e-05 5.7007e-16
-6.0857e-05 6.0857e-05 1.4584e-14
-6.0915e-05 6.0915e-05 7.1684e-14
-6.0972e-05 6.0972e-05 3.0347e-13
-6.1031e-05 6.1031e-05 1.2201e-12
-6.1085e-05 6.1085e-05 4.8216e-12
-6.1150e-05 6.1150e-05 1.8419e-11
-6.1206e-05 6.1206e-05 6.8202e-11
-6.1268e-05 6.1268e-05 2.4235e-10
-6.1332e-05 6.1331e-05 8.1677e-10
-6.1401e-05 6.1398e-05 2.5500e-09
-6.1468e-05 6.1461e-05 7.3107e-09
-6.1560e-05 6.1542e-05 1.8522e-08
-6.1663e-05 6.1621e-05 4.1254e-08
-6.1800e-05 6.1718e-05 8.1906e-08
-6.1968e-05 6.1821e-05 1.4622e-07
-6.2193e-05 6.1951e-05 2.4179e-07
-6.2480e-05 6.2104e-05 3.7573e-07
-6.2825e-05 6.2269e-05 5.5576e-07
-6.3272e-05 6.2481e-05 7.9083e-07
-6.3809e-05 6.2720e-05 1.0886e-06
-6.4431e-05 6.2978e-05 1.4532e-06
-6.5154e-05 6.3264e-05 1.8898e-06
-6.5969e-05 6.3573e-05 2.3968e-06
-6.6874e-05 6.3901e-05 2.9734e-06
-6.7855e-05 6.4242e-05 3.6129e-06
-6.8915e-05 6.4608e-05 4.3071e-06
-7.0029e-05 6.4975e-05 5.0538e-06
-7.1190e-05 6.5347e-05 5.8436e-06
-7.2390e-05 6.5723e-05 6.6673e-06
-7.3620e-05 6.6095e-05 7.5258e-06
-7.4895e-05 6.6477e-05 8.4179e-06
-7.6181e-05 6.6851e-05 9.3294e-06
-7.7480e-05 6.7218e-05 1.0262e-05
-7.8790e-05 6.7577e-05 1.1213e-05
-8.0099e-05 6.7921e-05 1.2178e-05
-8.1427e-05 6.8267e-05 1.3160e-05
-8.2772e-05 6.8611e-05 1.4160e-05
-8.4106e-05 6.8940e-05 1.5166e-05
-8.5439e-05 6.9257e-05 1.6182e-05
-8.6771e-05 6.9564e-05 1.7207e-05
-8.8110e-05 6.9865e-05 1.8245e-05
-8.9430e-05 7.0146e-05 1.9283e-05
-9.0765e-05 7.0428e-05 2.0337e-05
-9.2083e-05 7.0690e-05 2.1393e-05
-9.3405e-05 7.0945e-05 2.2459e-05
-9.4729e-05 7.1193e-05 2.3536e-05
-9.6035e-05 7.1421e-05 2.4614e-05
-9.7369e-05 7.1656e-05 2.5713e-05
-9.8678e-05 7.1866e-05 2.6812e-05
-9.9980e-05 7.2063e-05 2.7917e-05
-1.0128e-04 7.2250e-05 2.9034e-05
-1.0259e-04 7.2426e-05 3.0159e-05
-1.0388e-04 7.2589e-05 3.1294e-05
-1.0517e-04 7.2738e-05 3.2437e-05
-1.0645e-04 7.2869e-05 3.3584e-05
-1.0773e-04 7.2990e-05 3.4741e-05
-1.0902e-04 7.3105e-05 3.5919e-05
-1.1031e-04 7.3205e-05 3.7103e-05
-1.1158e-04 7.3288e-05 3.8293e-05
-1.1288e-04 7.3369e-05 3.9507e-05
-1.1414e-04 7.3425e-05 4.0718e-05
-1.1540e-04 7.3467e-05 4.1937e-05
-1.1667e-04 7.3498e-05 4.3169e-05
-1.1794e-04 7.3522e-05 4.4420e-05
-1.1920e-04 7.3525e-05 4.5672e-05
-1.2044e-04 7.3512e-05 4.6930e-05
-1.2170e-04 7.3492e-05 4.8206e-05
-1.2295e-04 7.3458e-05 4.9491e-05
-1.2420e-04 7.3412e-05 5.0785e-05
-1.2543e-04 7.3343e-05 5.2083e-05
-1.2664e-04 7.3260e-05 5.3380e-05
-1.2789e-04 7.3176e-05 5.4712e-05
-1.2911e-04 7.3072e-05 5.6040e-05
-1.3033e-04 7.2954e-05 5.7377e-05
-1.3155e-04 7.2825e-05 5.8723e-05
-1.3275e-04 7.2679e-05 6.0076e-05
-1.3396e-04 7.2522e-05 6.1438e-05
-1.3513e-04 7.2341e-05 6.2789e-05
-1.3633e-04 7.2157e-05 6.4178e-05
-1.3751e-04 7.1958e-05 6.5548e-05
-1.3870e-04 7.1745e-05 6.6954e-05
-1.3989e-04 7.1526e-05 6.8368e-05
-1.4106e-04 7.1283e-05 6.9775e-05
-1.4222e-04 7.1030e-05 7.1192e-05
-1.4338e-04 7.0764e-05 7.2617e-05
-1.4453e-04 7.0482e-05 7.4046e-05
-1.4568e-04 7.0191e-05 7.5490e-05
-1.4682e-04 6.9886e-05 7.6938e-05
-1.4794e-04 6.9558e-05 7.8379e-05
-1.4908e-04 6.9230e-05 7.9852e-05
-1.5017e-04 6.8876e-05 8.1295e-05
-1.5128e-04 6.8514e-05 8.2766e-05
-1.5242e-04 6.8142e-05 8.4276e-05
-1.5350e-04 6.7746e-05 8.5759e-05
-1.5458e-04 6.7339e-05 8.7240e-05
-1.5567e-04 6.6920e-05 8.8751e-05
-1.5676e-04 6.6492e-05 9.0265e-05
-1.5782e-04 6.6044e-05 9.1779e-05
-1.5888e-04 6.5583e-05 9.3299e-05
-1.5993e-04 6.5104e-05 9.4824e-05
-1.6097e-04 6.4616e-05 9.6358e-05
-1.6200e-04 6.4106e-05 9.7892e-05
-1.6303e-04 6.3587e-05 9.9439e-05
-1.6404e-04 6.3051e-05 1.0099e-04
-1.6504e-04 6.2499e-05 1.0254e-04
-1.6605e-04 6.1944e-05 1.0411e-04
-1.6704e-04 6.1366e-05 1.0568e-04
-1.6799e-04 6.0761e-05 1.0723e-04
-1.6899e-04 6.0158e-05 1.0883e-04
-1.7008e-04 5.9861e-05 1.1022e-04
-1.7088e-04 5.8882e-05 1.1199e-04
-1.7183e-04 5.8237e-05 1.1359e-04
-1.7273e-04 5.7567e-05 1.1516e-04
-1.7368e-04 5.6880e-05 1.1680e-04
-1.7456e-04 5.6245e-05 1.1831e-04
-1.7544e-04 5.5473e-05 1.1997e-04
-1.7636e-04 5.4722e-05 1.2163e-04
-1.7726e-04 5.3981e-05 1.2327e-04
-1.7808e-04 5.3265e-05 1.2482e-04
-1.7895e-04 5.2427e-05 1.2653e-04
-1.8002e-04 5.2075e-05 1.2794e-04
-1.8063e-04 5.0810e-05 1.2982e-04
-1.8148e-04 5.0002e-05 1.3148e-04
-1.8226e-04 4.9140e-05 1.3312e-04
-1.8305e-04 4.8278e-05 1.3478e-04
-1.8385e-04 4.7398e-05 1.3645e-04
-1.8460e-04 4.6513e-05 1.3808e-04
-1.8566e-04 4.6146e-05 1.3952e-04
-1.8614e-04 4.4656e-05 1.4148e-04
-1.8688e-04 4.3715e-05 1.4316e-04
-1.8758e-04 4.2742e-05 1.4484e-04
-1.8851e-04 4.2242e-05 1.4626e-04
-1.8900e-04 4.0764e-05 1.4824e-04
-1.8970e-04 3.9756e-05 1.4994e-04
-1.9034e-04 3.8715e-05 1.5162e-04
-1.9101e-04 3.7664e-05 1.5335e-04
-1.9167e-04 3.6603e-05 1.5507e-04
-1.9230e-04 3.5519e-05 1.5678e-04
-1.9293e-04 3.4424e-05 1.5851e-04
-1.9353e-04 3.3305e-05 1.6023e-04
-1.9412e-04 3.2180e-05 1.6194e-04
-1.9474e-04 3.1035e-05 1.6370e-04
-1.9532e-04 2.9877e-05 1.6544e-04
-1.9588e-04 2.8694e-05 1.6719e-04
-1.9643e-04 2.7496e-05 1.6893e-04
-1.9699e-04 2.6297e-05 1.7069e-04
-1.9752e-04 2.5071e-05 1.7245e-04
-1.9804e-04 2.3831e-05 1.7421e-04
-1.9853e-04 2.2583e-05 1.7595e-04
-1.9905e-04 2.1314e-05 1.7773e-04
-1.9954e-04 2.0036e-05 1.7950e-04
-2.0002e-04 1.8749e-05 1.8127e-04
-2.0054e-04 1.7441e-05 1.8309e-04
-2.0097e-04 1.6148e-05 1.8482e-04
-2.0153e-04 1.5084e-05 1.8644e-04
-2.0189e-04 1.3428e-05 1.8846e-04
-2.0235e-04 1.2215e-05 1.9014e-04
-2.0276e-04 1.0772e-05 1.9199e-04
-2.0322e-04 9.3095e-06 1.9391e-04
-2.0365e-04 7.9136e-06 1.9573e-04
-2.0403e-04 6.5113e-06 1.9752e-04
