1.8048e-08 -1.8048e-08 2.7932e-15
5.9231e-08 -5.9231e-08 3.5757e-15
1.5131e-07 -1.5131e-07 4.0689e-15
3.2972e-07 -3.2972e-07 4.5513e-15
6.2632e-07 -6.2632e-07 5.0679e-15
1.0612e-06 -1.0612e-06 5.6258e-15
1.6427e-06 -1.6427e-06 6.2263e-15
2.3722e-06 -2.3722e-06 6.8700e-15
3.2471e-06 -3.2471e-06 7.5578e-15
4.2638e-06 -4.2638e-06 8.2913e-15
5.4393e-06 -5.4393e-06 8.2284e-15
6.7534e-06 -6.7534e-06 8.1628e-15
8.2022e-06 -8.2022e-06 8.0942e-15
9.7819e-06 -9.7819e-06 8.0225e-15
1.1489e-05 -1.1489e-05 7.9475e-15
1.3321e-05 -1.3321e-05 7.8692e-15
1.5274e-05 -1.5274e-05 7.7873e-15
1.7346e-05 -1.7346e-05 7.7011e-15
1.9534e-05 -1.9534e-05 7.6096e-15
2.1835e-05 -2.1835e-05 7.5110e-15
2.4247e-05 -2.4247e-05 7.4022e-15
2.6769e-05 -2.6769e-05 7.2783e-15
2.9396e-05 -2.9396e-05 7.1315e-15
3.2129e-05 -3.2129e-05 6.9487e-15
3.4963e-05 -3.4963e-05 6.7094e-15
3.7897e-05 -3.7897e-05 6.3804e-15
4.0931e-05 -4.0931e-05 5.9088e-15
4.4060e-05 -4.4060e-05 5.2095e-15
4.7285e-05 -4.7285e-05 4.1469e-15
5.0601e-05 -5.0601e-05 2.5042e-15
5.4008e-05 -5.4008e-05 -6.4502e-17
5.7504e-05 -5.7504e-05 -4.1111e-15
6.1087e-05 -6.1087e-05 -1.0515e-14
6.4757e-05 -6.4757e-05 -2.0675e-14
6.8510e-05 -6.8510e-05 -3.6820e-14
7.2345e-05 -7.2345e-05 -6.2487e-14
7.6261e-05 -7.6261e-05 -1.0329e-13
8.0256e-05 -8.0256e-05 -1.6815e-13
8.4329e-05 -8.4329e-05 -2.7115e-13
8.8476e-05 -8.8476e-05 -4.3458e-13
9.2699e-05 -9.2699e-05 -6.9363e-13
9.6991e-05 -9.6991e-05 -1.1037e-12
1.0136e-04 -1.0136e-04 -1.7520e-12
1.0579e-04 -1.0579e-04 -2.7744e-12
1.1030e-04 -1.1030e-04 -4.3848e-12
1.1487e-04 -1.1487e-04 -6.9149e-12
1.1950e-04 -1.1950e-04 -1.0880e-11
1.2420e-04 -1.2420e-04 -1.7076e-11
1.2897e-04 -1.2897e-04 -2.6723e-11
