-1.2028e-17 -5.2963e-15 5.3083e-15
-9.2476e-17 -3.7670e-14 3.7762e-14
-6.3462e-16 -2.3899e-13 2.3962e-13
-4.3086e-15 -1.4970e-12 1.5014e-12
-2.9512e-14 -9.3828e-12 9.4123e-12
-2.0862e-13 -5.8929e-11 5.9138e-11
-1.5853e-12 -3.6972e-10 3.7131e-10
-1.3801e-11 -2.2878e-09 2.3016e-09
-1.4343e-10 -1.3431e-08 1.3575e-08
-1.5101e-09 -6.8418e-08 6.9929e-08
-1.1882e-08 -2.7747e-07 2.8936e-07
-6.1547e-08 -8.9365e-07 9.5520e-07
-9.3321e-07 6.1303e-07 3.2017e-07
-1.3507e-06 1.2550e-06 9.5656e-08
-1.5280e-06 1.4954e-06 3.2602e-08
-1.6125e-06 1.5945e-06 1.8006e-08
-1.6481e-06 1.6343e-06 1.3812e-08
-1.6260e-06 1.6153e-06 1.0712e-08
-1.5283e-06 1.5213e-06 6.9779e-09
-1.4032e-06 1.3998e-06 3.4013e-09
-1.3946e-06 1.3933e-06 1.2654e-09
-1.5794e-06 1.5790e-06 4.0723e-10
-1.9136e-06 1.9135e-06 1.2460e-10
-2.3348e-06 2.3348e-06 3.7622e-11
-2.8110e-06 2.8110e-06 1.1329e-11
-3.3318e-06 3.3317e-06 3.4145e-12
-3.8939e-06 3.8939e-06 1.0314e-12
-4.4957e-06 4.4957e-06 3.1208e-13
-5.1363e-06 5.1363e-06 9.4091e-14
-5.8147e-06 5.8147e-06 2.7636e-14
-6.5299e-06 6.5299e-06 7.1813e-15
-7.2811e-06 7.2811e-06 7.5649e-16
-8.0683e-06 8.0683e-06 -1.3723e-15
-8.8885e-06 8.8885e-06 -2.1845e-15
-9.7432e-06 9.7432e-06 -2.5973e-15
-1.0631e-05 1.0631e-05 -2.8952e-15
-1.1551e-05 1.1551e-05 -3.1671e-15
-1.2502e-05 1.2502e-05 -3.4410e-15
-1.3485e-05 1.3485e-05 -3.7258e-15
-1.4498e-05 1.4498e-05 -4.0237e-15
-1.5540e-05 1.5540e-05 -4.3349e-15
-1.6612e-05 1.6612e-05 -4.6583e-15
-1.7712e-05 1.7712e-05 -4.9925e-15
-1.8840e-05 1.8840e-05 -5.3358e-15
-1.9995e-05 1.9995e-05 -5.6867e-15
-2.1176e-05 2.1176e-05 -6.0434e-15
-2.2384e-05 2.2384e-05 -6.4049e-15
-2.3614e-05 2.3614e-05 -6.7700e-15
-2.4875e-05 2.4875e-05 -7.1373e-15
-2.6158e-05 2.6158e-05 -7.5065e-15
-2.7462e-05 2.7462e-05 -7.8769e-15
-2.8791e-05 2.8791e-05 -8.2477e-15
-3.0138e-05 3.0138e-05 -8.6190e-15
-3.1512e-05 3.1512e-05 -8.9898e-15
-3.2905e-05 3.2905e-05 -9.3598e-15
-3.4321e-05 3.4321e-05 -9.7290e-15
-3.5755e-05 3.5755e-05 -1.0097e-14
-3.7216e-05 3.7216e-05 -1.0463e-14
-3.8684e-05 3.8684e-05 -1.0828e-14
-4.0176e-05 4.0176e-05 -1.1192e-14
-4.1692e-05 4.1692e-05 -1.1553e-14
