-5.9927e-09 5.9927e-09 -9.5244e-16
-1.9667e-08 1.9667e-08 -1.2159e-15
-5.0241e-08 5.0241e-08 -1.3803e-15
-1.0948e-07 1.0948e-07 -1.5406e-15
-2.0796e-07 2.0796e-07 -1.7122e-15
-3.5235e-07 3.5235e-07 -1.8974e-15
-5.4545e-07 5.4545e-07 -2.0965e-15
-7.8766e-07 7.8766e-07 -2.3089e-15
-1.0782e-06 1.0782e-06 -2.5338e-15
-1.4157e-06 1.4157e-06 -2.7726e-15
-1.7990e-06 1.7990e-06 -3.0289e-15
-2.2266e-06 2.2266e-06 -3.3039e-15
-2.6973e-06 2.6973e-06 -3.5967e-15
-3.2098e-06 3.2098e-06 -3.9063e-15
-3.7631e-06 3.7631e-06 -4.2318e-15
-4.3559e-06 4.3559e-06 -4.5716e-15
-4.9876e-06 4.9876e-06 -4.9239e-15
-5.6570e-06 5.6570e-06 -5.2869e-15
-6.3632e-06 6.3632e-06 -5.6584e-15
-7.1055e-06 7.1055e-06 -6.0367e-15
-7.8825e-06 7.8825e-06 -6.4202e-15
-8.6942e-06 8.6942e-06 -6.8077e-15
-9.5395e-06 9.5395e-06 -7.1980e-15
-1.0418e-05 1.0418e-05 -7.5902e-15
-1.1328e-05 1.1328e-05 -7.9837e-15
-1.2270e-05 1.2270e-05 -8.3779e-15
-1.3243e-05 1.3243e-05 -8.7723e-15
-1.4245e-05 1.4245e-05 -9.1664e-15
-1.5278e-05 1.5278e-05 -9.5602e-15
-1.6339e-05 1.6339e-05 -9.9531e-15
-1.7429e-05 1.7429e-05 -1.0345e-14
-1.8546e-05 1.8546e-05 -1.0736e-14
-1.9689e-05 1.9689e-05 -1.1125e-14
-2.0860e-05 2.0860e-05 -1.1513e-14
-2.2055e-05 2.2055e-05 -1.1900e-14
-2.3276e-05 2.3276e-05 -1.2285e-14
-2.4523e-05 2.4523e-05 -1.2668e-14
-2.5792e-05 2.5792e-05 -1.3049e-14
-2.7085e-05 2.7085e-05 -1.3428e-14
-2.8399e-05 2.8399e-05 -1.3806e-14
-2.9740e-05 2.9740e-05 -1.4181e-14
-3.1099e-05 3.1099e-05 -1.4554e-14
-3.2474e-05 3.2474e-05 -1.4925e-14
-3.3873e-05 3.3873e-05 -1.5293e-14
-3.5292e-05 3.5292e-05 -1.5660e-14
-3.6731e-05 3.6731e-05 -1.6024e-14
-3.8184e-05 3.8184e-05 -1.6385e-14
-3.9657e-05 3.9657e-05 -1.6744e-14
-4.1147e-05 4.1147e-05 -1.7100e-14
-4.2656e-05 4.2656e-05 -1.7453e-14
-4.2707e-05 4.2707e-05 -1.6993e-14
-4.2755e-05 4.2755e-05 -1.6533e-14
-4.2806e-05 4.2806e-05 -1.6073e-14
-4.2853e-05 4.2853e-05 -1.5611e-14
-4.2901e-05 4.2901e-05 -1.5150e-14
-4.2947e-05 4.2947e-05 -1.4688e-14
-4.2995e-05 4.2995e-05 -1.4226e-14
-4.3040e-05 4.3040e-05 -1.3764e-14
-4.3086e-05 4.3086e-05 -1.3301e-14
-4.3131e-05 4.3131e-05 -1.2838e-14
-4.3174e-05 4.3174e-05 -1.2376e-14
-4.3220e-05 4.3220e-05 -1.1913e-14
-4.3263e-05 4.3263e-05 -1.1451e-14
-4.3306e-05 4.3306e-05 -1.0989e-14
-4.3348e-05 4.3348e-05 -1.0528e-14
-4.3390e-05 4.3390e-05 -1.0066e-14
-4.3434e-05 4.3434e-05 -9.6066e-15
-4.3475e-05 4.3475e-05 -9.1481e-15
-4.3518e-05 4.3518e-05 -8.6917e-15
-4.3552e-05 4.3552e-05 -8.2385e-15
-4.3597e-05 4.3597e-05 -7.7867e-15
-4.3642e-05 4.3642e-05 -7.3382e-15
-4.3680e-05 4.3680e-05 -6.8953e-15
-4.3725e-05 4.3725e-05 -6.4570e-15
-4.3766e-05 4.3766e-05 -6.0267e-15
-4.3803e-05 4.3803e-05 -5.6063e-15
-4.3848e-05 4.3848e-05 -5.1948e-15
-4.3889e-05 4.3889e-05 -4.7966e-15
-4.3932e-05 4.3932e-05 -4.4048e-15
-4.3974e-05 4.3974e-05 -3.9894e-15
-4.4014e-05 4.4014e-05 -3.4048e-15
-4.4061e-05 4.4061e-05 -1.9956e-15
-4.4104e-05 4.4104e-05 3.1254e-15
-4.4144e-05 4.4144e-05 2.4385e-14
-4.4192e-05 4.4192e-05 1.1441e-13
-4.4237e-05 4.4237e-05 4.9108e-13
-4.4285e-05 4.4285e-05 2.0346e-12
-4.4332e-05 4.4332e-05 8.2031e-12
-4.4379e-05 4.4379e-05 3.2118e-11
-4.4427e-05 4.4427e-05 1.2125e-10
-4.4479e-05 4.4478e-05 4.3501e-10
-4.4532e-05 4.4530e-05 1.4711e-09
-4.4590e-05 4.4586e-05 4.5763e-09
-4.4661e-05 4.4648e-05 1.2679e-08
-4.4755e-05 4.4724e-05 3.0797e-08
-4.4884e-05 4.4818e-05 6.5516e-08
-4.5066e-05 4.4941e-05 1.2441e-07
-4.5317e-05 4.5101e-05 2.1548e-07
-4.5648e-05 4.5301e-05 3.4739e-07
-4.6077e-05 4.5547e-05 5.3007e-07
-4.6627e-05 4.5853e-05 7.7365e-07
-4.7298e-05 4.6211e-05 1.0873e-06
-4.8108e-05 4.6629e-05 1.4797e-06
-4.9073e-05 4.7116e-05 1.9570e-06
-5.0171e-05 4.7656e-05 2.5156e-06
-5.1394e-05 4.8241e-05 3.1531e-06
-5.2730e-05 4.8868e-05 3.8621e-06
-5.4145e-05 4.9509e-05 4.6359e-06
-5.5644e-05 5.0177e-05 5.4676e-06
-5.7201e-05 5.0854e-05 6.3475e-06
-5.8805e-05 5.1535e-05 7.2701e-06
-6.0421e-05 5.2200e-05 8.2210e-06
-6.2064e-05 5.2861e-05 9.2030e-06
-6.3714e-05 5.3506e-05 1.0208e-05
-6.5374e-05 5.4139e-05 1.1235e-05
-6.7014e-05 5.4742e-05 1.2272e-05
-6.8663e-05 5.5334e-05 1.3329e-05
-7.0289e-05 5.5896e-05 1.4393e-05
-7.1912e-05 5.6441e-05 1.5471e-05
-7.3509e-05 5.6955e-05 1.6554e-05
-7.5105e-05 5.7455e-05 1.7650e-05
-7.6686e-05 5.7932e-05 1.8754e-05
-7.8254e-05 5.8387e-05 1.9867e-05
-7.9788e-05 5.8809e-05 2.0979e-05
-8.1335e-05 5.9224e-05 2.2111e-05
-8.2857e-05 5.9612e-05 2.3246e-05
-8.4362e-05 5.9976e-05 2.4386e-05
-8.5869e-05 6.0328e-05 2.5540e-05
-8.7351e-05 6.0653e-05 2.6697e-05
-8.8819e-05 6.0958e-05 2.7861e-05
-9.0276e-05 6.1244e-05 2.9032e-05
-9.1748e-05 6.1521e-05 3.0226e-05
-9.3173e-05 6.1766e-05 3.1407e-05
-9.4620e-05 6.2002e-05 3.2618e-05
-9.6033e-05 6.2214e-05 3.3819e-05
-9.7448e-05 6.2412e-05 3.5037e-05
-9.8871e-05 6.2594e-05 3.6277e-05
-1.0027e-04 6.2758e-05 3.7516e-05
-1.0166e-04 6.2900e-05 3.8758e-05
-1.0305e-04 6.3031e-05 4.0016e-05
-1.0442e-04 6.3141e-05 4.1275e-05
-1.0579e-04 6.3241e-05 4.2554e-05
-1.0714e-04 6.3316e-05 4.3828e-05
-1.0849e-04 6.3379e-05 4.5110e-05
-1.0984e-04 6.3426e-05 4.6415e-05
-1.1117e-04 6.3466e-05 4.7702e-05
-1.1251e-04 6.3473e-05 4.9040e-05
-1.1383e-04 6.3473e-05 5.0361e-05
-1.1515e-04 6.3457e-05 5.1691e-05
-1.1647e-04 6.3430e-05 5.3036e-05
