-1.2028e-17 -5.2963e-15 5.3083e-15
-9.2476e-17 -3.7670e-14 3.7762e-14
-6.3462e-16 -2.3899e-13 2.3962e-13
-4.3086e-15 -1.4970e-12 1.5014e-12
-2.9512e-14 -9.3828e-12 9.4123e-12
-2.0862e-13 -5.8929e-11 5.9138e-11
-1.5853e-12 -3.6972e-10 3.7131e-10
-1.3801e-11 -2.2878e-09 2.3016e-09
-1.4343e-10 -1.3431e-08 1.3575e-08
-1.5101e-09 -6.8418e-08 6.9929e-08
-1.1882e-08 -2.7747e-07 2.8936e-07
-6.1547e-08 -8.9365e-07 9.5520e-07
-2.0896e-07 -2.2858e-06 2.4948e-06
-4.8842e-07 -4.5847e-06 5.0731e-06
-3.4315e-06 6.0329e-07 2.8283e-06
-5.4909e-06 4.0940e-06 1.3969e-06
-6.0862e-06 5.4081e-06 6.7812e-07
-5.8817e-06 5.5251e-06 3.5666e-07
-5.4469e-06 5.2293e-06 2.1763e-07
-4.9336e-06 4.7868e-06 1.4679e-07
-4.3002e-06 4.2048e-06 9.5344e-08
-3.5261e-06 3.4737e-06 5.2370e-08
-2.7556e-06 2.7330e-06 2.2564e-08
-2.2688e-06 2.2608e-06 7.9446e-09
-2.1969e-06 2.1943e-06 2.5517e-09
-2.4394e-06 2.4386e-06 8.0094e-10
-2.8558e-06 2.8555e-06 2.5036e-10
-3.3609e-06 3.3608e-06 7.8030e-11
-3.9200e-06 3.9200e-06 2.4240e-11
-4.5221e-06 4.5221e-06 7.5169e-12
-5.1638e-06 5.1638e-06 2.3309e-12
-5.8435e-06 5.8435e-06 7.2345e-13
-6.5601e-06 6.5601e-06 2.2445e-13
-7.3128e-06 7.3128e-06 6.9062e-14
-8.1014e-06 8.1014e-06 2.0413e-14
-8.9231e-06 8.9231e-06 5.0231e-15
-9.7792e-06 9.7792e-06 3.7154e-17
-1.0668e-05 1.0668e-05 -1.6867e-15
-1.1590e-05 1.1590e-05 -2.3888e-15
-1.2543e-05 1.2543e-05 -2.7757e-15
-1.3527e-05 1.3527e-05 -3.0717e-15
-1.4541e-05 1.4541e-05 -3.3485e-15
-1.5585e-05 1.5585e-05 -3.6290e-15
-1.6658e-05 1.6658e-05 -3.9203e-15
-1.7758e-05 1.7758e-05 -4.2243e-15
-1.8888e-05 1.8888e-05 -4.5404e-15
-2.0045e-05 2.0045e-05 -4.8675e-15
-2.1229e-05 2.1229e-05 -5.2043e-15
-2.2438e-05 2.2438e-05 -5.5489e-15
-2.3673e-05 2.3673e-05 -5.8999e-15
-2.4928e-05 2.4928e-05 -6.2564e-15
-2.6212e-05 2.6212e-05 -6.6162e-15
-2.7523e-05 2.7523e-05 -6.9787e-15
-2.8854e-05 2.8854e-05 -7.3433e-15
-3.0207e-05 3.0207e-05 -7.7093e-15
-3.1579e-05 3.1579e-05 -8.0760e-15
-3.2974e-05 3.2974e-05 -8.4431e-15
-3.4396e-05 3.4396e-05 -8.8094e-15
-3.5828e-05 3.5828e-05 -9.1759e-15
-3.7285e-05 3.7285e-05 -9.5411e-15
-3.8763e-05 3.8763e-05 -9.9048e-15
-4.0266e-05 4.0266e-05 -1.0267e-14
-4.1771e-05 4.1771e-05 -1.0629e-14
