-5.9927e-09 5.9927e-09 -9.5244e-16
-1.9667e-08 1.9667e-08 -1.2159e-15
-5.0241e-08 5.0241e-08 -1.3803e-15
-1.0948e-07 1.0948e-07 -1.5406e-15
-2.0796e-07 2.0796e-07 -1.7122e-15
-3.5235e-07 3.5235e-07 -1.8974e-15
-5.4545e-07 5.4545e-07 -2.0965e-15
-7.8766e-07 7.8766e-07 -2.3089e-15
-1.0782e-06 1.0782e-06 -2.5338e-15
-1.4157e-06 1.4157e-06 -2.7726e-15
-1.8061e-06 1.8061e-06 -2.7468e-15
-2.2424e-06 2.2424e-06 -2.7226e-15
-2.7234e-06 2.7234e-06 -2.6981e-15
-3.2480e-06 3.2480e-06 -2.6720e-15
-3.8149e-06 3.8149e-06 -2.6437e-15
-4.4231e-06 4.4231e-06 -2.6123e-15
-5.0716e-06 5.0716e-06 -2.5764e-15
-5.7595e-06 5.7595e-06 -2.5339e-15
-6.4859e-06 6.4859e-06 -2.4811e-15
-7.2500e-06 7.2500e-06 -2.4124e-15
-8.0510e-06 8.0510e-06 -2.3186e-15
-8.8882e-06 8.8882e-06 -2.1846e-15
-9.7608e-06 9.7608e-06 -1.9869e-15
-1.0668e-05 1.0668e-05 -1.6871e-15
-1.1609e-05 1.1609e-05 -1.2242e-15
-1.2583e-05 1.2583e-05 -5.0057e-16
-1.3591e-05 1.3591e-05 6.4015e-16
-1.4630e-05 1.4630e-05 2.4476e-15
-1.5700e-05 1.5700e-05 5.3204e-15
-1.6802e-05 1.6802e-05 9.8947e-15
-1.7933e-05 1.7933e-05 1.7185e-14
-1.9094e-05 1.9094e-05 2.8807e-14
-2.0283e-05 2.0283e-05 4.7336e-14
-2.1502e-05 2.1502e-05 7.6865e-14
-2.2748e-05 2.2748e-05 1.2391e-13
-2.4021e-05 2.4021e-05 1.9880e-13
-2.5322e-05 2.5322e-05 3.1794e-13
-2.6648e-05 2.6648e-05 5.0732e-13
-2.8000e-05 2.8000e-05 8.0805e-13
-2.9378e-05 2.9378e-05 1.2851e-12
-3.0780e-05 3.0780e-05 2.0410e-12
-3.2205e-05 3.2205e-05 3.2368e-12
-3.3656e-05 3.3656e-05 5.1266e-12
-3.5128e-05 3.5127e-05 8.1052e-12
-3.6623e-05 3.6623e-05 1.2794e-11
-3.8141e-05 3.8141e-05 2.0157e-11
-3.9680e-05 3.9680e-05 3.1690e-11
-4.1240e-05 4.1240e-05 4.9697e-11
-4.2822e-05 4.2822e-05 7.7719e-11
