-5.9927e-09 5.9927e-09 -9.5244e-16
-1.9667e-08 1.9667e-08 -1.2159e-15
-5.0241e-08 5.0241e-08 -1.3803e-15
-1.0948e-07 1.0948e-07 -1.5406e-15
-2.0796e-07 2.0796e-07 -1.7122e-15
-3.5235e-07 3.5235e-07 -1.8974e-15
-5.4545e-07 5.4545e-07 -2.0965e-15
-7.8766e-07 7.8766e-07 -2.3089e-15
-1.0782e-06 1.0782e-06 -2.5338e-15
-1.4157e-06 1.4157e-06 -2.7726e-15
-1.7990e-06 1.7990e-06 -3.0289e-15
-2.2266e-06 2.2266e-06 -3.3039e-15
-2.6973e-06 2.6973e-06 -3.5967e-15
-3.2098e-06 3.2098e-06 -3.9063e-15
-3.7631e-06 3.7631e-06 -4.2318e-15
-4.3559e-06 4.3559e-06 -4.5716e-15
-4.9876e-06 4.9876e-06 -4.9239e-15
-5.6570e-06 5.6570e-06 -5.2869e-15
-6.3632e-06 6.3632e-06 -5.6584e-15
-7.1055e-06 7.1055e-06 -6.0367e-15
-7.1197e-06 7.1197e-06 -5.6094e-15
-7.1338e-06 7.1338e-06 -5.1934e-15
-7.1479e-06 7.1479e-06 -4.7911e-15
-7.1622e-06 7.1622e-06 -4.4051e-15
-7.1765e-06 7.1765e-06 -4.0378e-15
-7.1909e-06 7.1909e-06 -3.6910e-15
-7.2055e-06 7.2055e-06 -3.3653e-15
-7.2202e-06 7.2202e-06 -3.0588e-15
-7.2353e-06 7.2353e-06 -2.7601e-15
-7.2505e-06 7.2505e-06 -2.4125e-15
-7.2655e-06 7.2655e-06 -1.7277e-15
-7.2810e-06 7.2810e-06 7.5356e-16
-7.2967e-06 7.2967e-06 1.2332e-14
-7.3129e-06 7.3129e-06 6.9009e-14
-7.3290e-06 7.3290e-06 3.4487e-13
-7.3456e-06 7.3456e-06 1.6634e-12
-7.3627e-06 7.3627e-06 7.8156e-12
-7.3806e-06 7.3806e-06 3.5596e-11
-7.4013e-06 7.4011e-06 1.5608e-10
-7.4310e-06 7.4304e-06 6.5046e-10
-7.4916e-06 7.4891e-06 2.5322e-09
-7.6495e-06 7.6405e-06 9.0082e-09
-8.0413e-06 8.0127e-06 2.8595e-08
-8.8734e-06 8.7941e-06 7.9287e-08
-1.0309e-05 1.0119e-05 1.8969e-07
-1.2332e-05 1.1939e-05 3.9270e-07
-1.4797e-05 1.4078e-05 7.1945e-07
-1.7579e-05 1.6380e-05 1.1995e-06
-2.0569e-05 1.8716e-05 1.8528e-06
-2.3664e-05 2.0987e-05 2.6775e-06
-2.6768e-05 2.3119e-05 3.6491e-06
-2.9807e-05 2.5076e-05 4.7310e-06
-3.2740e-05 2.6851e-05 5.8890e-06
-3.5534e-05 2.8444e-05 7.0897e-06
-3.8208e-05 2.9886e-05 8.3221e-06
-4.0761e-05 3.1190e-05 9.5710e-06
-4.3208e-05 3.2377e-05 1.0831e-05
-4.5560e-05 3.3463e-05 1.2097e-05
-4.7823e-05 3.4456e-05 1.3366e-05
-5.0011e-05 3.5373e-05 1.4638e-05
-5.2127e-05 3.6217e-05 1.5910e-05
-5.4184e-05 3.7000e-05 1.7184e-05
-5.6181e-05 3.7723e-05 1.8458e-05
-5.8117e-05 3.8386e-05 1.9731e-05
-6.0004e-05 3.8993e-05 2.1011e-05
-6.1872e-05 3.9583e-05 2.2288e-05
-6.3690e-05 4.0119e-05 2.3571e-05
-6.5475e-05 4.0619e-05 2.4857e-05
-6.7229e-05 4.1084e-05 2.6146e-05
-6.8953e-05 4.1515e-05 2.7438e-05
-7.0650e-05 4.1916e-05 2.8734e-05
-7.2320e-05 4.2286e-05 3.0035e-05
-7.3968e-05 4.2629e-05 3.1339e-05
-7.5592e-05 4.2944e-05 3.2648e-05
-7.7195e-05 4.3234e-05 3.3961e-05
-7.8779e-05 4.3500e-05 3.5279e-05
-8.0343e-05 4.3741e-05 3.6602e-05
-8.1889e-05 4.3958e-05 3.7931e-05
-8.3418e-05 4.4153e-05 3.9264e-05
-8.4929e-05 4.4326e-05 4.0603e-05
-8.6419e-05 4.4470e-05 4.1949e-05
-8.7893e-05 4.4592e-05 4.3301e-05
-8.9354e-05 4.4697e-05 4.4657e-05
-9.0798e-05 4.4778e-05 4.6020e-05
-9.2230e-05 4.4842e-05 4.7388e-05
-9.3645e-05 4.4883e-05 4.8762e-05
-9.5049e-05 4.4909e-05 5.0141e-05
-9.6437e-05 4.4911e-05 5.1526e-05
-9.7814e-05 4.4898e-05 5.2916e-05
-9.9176e-05 4.4863e-05 5.4313e-05
-1.0052e-04 4.4809e-05 5.5716e-05
-1.0186e-04 4.4741e-05 5.7122e-05
-1.0319e-04 4.4650e-05 5.8536e-05
-1.0450e-04 4.4546e-05 5.9954e-05
-1.0580e-04 4.4420e-05 6.1379e-05
-1.0709e-04 4.4281e-05 6.2807e-05
-1.0836e-04 4.4119e-05 6.4243e-05
-1.0963e-04 4.3944e-05 6.5682e-05
-1.1088e-04 4.3747e-05 6.7128e-05
-1.1212e-04 4.3538e-05 6.8578e-05
-1.1334e-04 4.3311e-05 7.0033e-05
-1.1456e-04 4.3062e-05 7.1495e-05
-1.1576e-04 4.2800e-05 7.2960e-05
-1.1693e-04 4.2425e-05 7.4501e-05
-1.1810e-04 4.2155e-05 7.5949e-05
-1.1928e-04 4.1866e-05 7.7412e-05
-1.2044e-04 4.1559e-05 7.8883e-05
-1.2159e-04 4.1222e-05 8.0367e-05
-1.2271e-04 4.0851e-05 8.1864e-05
-1.2383e-04 4.0462e-05 8.3367e-05
-1.2493e-04 4.0061e-05 8.4872e-05
-1.2602e-04 3.9637e-05 8.6384e-05
-1.2710e-04 3.9202e-05 8.7899e-05
-1.2817e-04 3.8749e-05 8.9418e-05
-1.2922e-04 3.8272e-05 9.0945e-05
-1.3026e-04 3.7783e-05 9.2473e-05
-1.3128e-04 3.7271e-05 9.4009e-05
-1.3229e-04 3.6747e-05 9.5547e-05
-1.3329e-04 3.6199e-05 9.7092e-05
-1.3428e-04 3.5639e-05 9.8639e-05
-1.3525e-04 3.5061e-05 1.0019e-04
-1.3621e-04 3.4459e-05 1.0175e-04
-1.3715e-04 3.3845e-05 1.0331e-04
-1.3809e-04 3.3213e-05 1.0487e-04
-1.3900e-04 3.2555e-05 1.0645e-04
-1.3991e-04 3.1887e-05 1.0802e-04
-1.4079e-04 3.1193e-05 1.0960e-04
-1.4167e-04 3.0487e-05 1.1118e-04
-1.4253e-04 2.9756e-05 1.1278e-04
-1.4338e-04 2.9013e-05 1.1437e-04
-1.4421e-04 2.8244e-05 1.1597e-04
-1.4503e-04 2.7464e-05 1.1757e-04
-1.4583e-04 2.6658e-05 1.1917e-04
-1.4662e-04 2.5841e-05 1.2078e-04
-1.4740e-04 2.4997e-05 1.2240e-04
-1.4816e-04 2.4143e-05 1.2402e-04
-1.4891e-04 2.3269e-05 1.2564e-04
-1.4964e-04 2.2369e-05 1.2727e-04
-1.5036e-04 2.1459e-05 1.2890e-04
-1.5106e-04 2.0521e-05 1.3053e-04
-1.5175e-04 1.9574e-05 1.3217e-04
-1.5242e-04 1.8599e-05 1.3382e-04
-1.5308e-04 1.7614e-05 1.3547e-04
-1.5373e-04 1.6603e-05 1.3712e-04
-1.5436e-04 1.5582e-05 1.3878e-04
-1.5498e-04 1.4543e-05 1.4044e-04
-1.5559e-04 1.3477e-05 1.4211e-04
-1.5618e-04 1.2402e-05 1.4378e-04
-1.5676e-04 1.1300e-05 1.4546e-04
-1.5733e-04 1.0190e-05 1.4714e-04
-1.5788e-04 9.0528e-06 1.4882e-04
-1.5842e-04 7.9074e-06 1.5051e-04
-1.5895e-04 6.7450e-06 1.5220e-04
-1.5946e-04 5.5561e-06 1.5390e-04
-1.5996e-04 4.3593e-06 1.5561e-04
-1.6045e-04 3.1365e-06 1.5732e-04
-1.6093e-04 1.9060e-06 1.5903e-04
-1.6140e-04 6.5927e-07 1.6074e-04
-1.6185e-04 -6.1378e-07 1.6246e-04
-1.6230e-04 -1.8939e-06 1.6419e-04
-1.6272e-04 -3.1998e-06 1.6592e-04
-1.6314e-04 -4.5126e-06 1.6766e-04
-1.6355e-04 -5.8413e-06 1.6940e-04
-1.6395e-04 -7.1961e-06 1.7114e-04
-1.6433e-04 -8.5573e-06 1.7289e-04
-1.6471e-04 -9.9341e-06 1.7464e-04
-1.6507e-04 -1.1327e-05 1.7640e-04
-1.6542e-04 -1.2746e-05 1.7817e-04
-1.6576e-04 -1.4171e-05 1.7993e-04
-1.6609e-04 -1.5611e-05 1.8170e-04
-1.6641e-04 -1.7078e-05 1.8349e-04
-1.6672e-04 -1.8550e-05 1.8527e-04
-1.6701e-04 -2.0038e-05 1.8705e-04
-1.6730e-04 -2.1541e-05 1.8884e-04
-1.6757e-04 -2.3072e-05 1.9064e-04
-1.6783e-04 -2.4607e-05 1.9244e-04
-1.6808e-04 -2.6157e-05 1.9424e-04
-1.6833e-04 -2.7723e-05 1.9605e-04
-1.6855e-04 -2.9316e-05 1.9787e-04
-1.6877e-04 -3.0913e-05 1.9968e-04
-1.6898e-04 -3.2526e-05 2.0150e-04
-1.6917e-04 -3.4165e-05 2.0333e-04
-1.6935e-04 -3.5809e-05 2.0516e-04
-1.6952e-04 -3.7479e-05 2.0700e-04
-1.6968e-04 -3.9154e-05 2.0883e-04
-1.6983e-04 -4.0854e-05 2.1068e-04
-1.6996e-04 -4.2559e-05 2.1252e-04
-1.7009e-04 -4.4289e-05 2.1438e-04
-1.7020e-04 -4.6023e-05 2.1623e-04
-1.7030e-04 -4.7783e-05 2.1809e-04
-1.7040e-04 -4.9546e-05 2.1994e-04
-1.7048e-04 -5.1335e-05 2.2181e-04
-1.7055e-04 -5.3126e-05 2.2367e-04
-1.7060e-04 -5.4943e-05 2.2554e-04
-1.7065e-04 -5.6762e-05 2.2741e-04
-1.7068e-04 -5.8606e-05 2.2928e-04
-1.7070e-04 -6.0452e-05 2.3115e-04
-1.7059e-04 -6.2523e-05 2.3312e-04
-1.7072e-04 -6.4170e-05 2.3489e-04
-1.7057e-04 -6.6281e-05 2.3685e-04
-1.7066e-04 -6.7970e-05 2.3863e-04
-1.7036e-04 -7.0312e-05 2.4067e-04
-1.7048e-04 -7.1890e-05 2.4237e-04
-1.7017e-04 -7.4164e-05 2.4434e-04
-1.7004e-04 -7.6097e-05 2.4613e-04
-1.7006e-04 -7.7777e-05 2.4784e-04
-1.6959e-04 -8.0019e-05 2.4960e-04
