-5.9927e-09 5.9927e-09 -9.5244e-16
-1.9667e-08 1.9667e-08 -1.2159e-15
-5.0241e-08 5.0241e-08 -1.3803e-15
-1.0948e-07 1.0948e-07 -1.5406e-15
-2.0796e-07 2.0796e-07 -1.7122e-15
-3.5235e-07 3.5235e-07 -1.8974e-15
-5.4545e-07 5.4545e-07 -2.0965e-15
-7.8766e-07 7.8766e-07 -2.3089e-15
-1.0782e-06 1.0782e-06 -2.5338e-15
-1.4157e-06 1.4157e-06 -2.7726e-15
-1.7990e-06 1.7990e-06 -3.0289e-15
-2.2266e-06 2.2266e-06 -3.3039e-15
-2.6973e-06 2.6973e-06 -3.5967e-15
-3.2098e-06 3.2098e-06 -3.9063e-15
-3.7631e-06 3.7631e-06 -4.2318e-15
-4.3559e-06 4.3559e-06 -4.5716e-15
-4.9876e-06 4.9876e-06 -4.9239e-15
-5.6570e-06 5.6570e-06 -5.2869e-15
-6.3632e-06 6.3632e-06 -5.6584e-15
-7.1055e-06 7.1055e-06 -6.0367e-15
-7.8825e-06 7.8825e-06 -6.4202e-15
-8.6942e-06 8.6942e-06 -6.8077e-15
-9.5395e-06 9.5395e-06 -7.1980e-15
-1.0418e-05 1.0418e-05 -7.5902e-15
-1.1328e-05 1.1328e-05 -7.9837e-15
-1.2270e-05 1.2270e-05 -8.3779e-15
-1.3243e-05 1.3243e-05 -8.7723e-15
-1.4245e-05 1.4245e-05 -9.1664e-15
-1.5278e-05 1.5278e-05 -9.5602e-15
-1.6339e-05 1.6339e-05 -9.9531e-15
-1.7429e-05 1.7429e-05 -1.0345e-14
-1.8546e-05 1.8546e-05 -1.0736e-14
-1.9689e-05 1.9689e-05 -1.1125e-14
-2.0860e-05 2.0860e-05 -1.1513e-14
-2.2055e-05 2.2055e-05 -1.1900e-14
-2.3276e-05 2.3276e-05 -1.2285e-14
-2.4523e-05 2.4523e-05 -1.2668e-14
-2.5792e-05 2.5792e-05 -1.3049e-14
-2.7085e-05 2.7085e-05 -1.3428e-14
-2.8399e-05 2.8399e-05 -1.3806e-14
-2.8437e-05 2.8437e-05 -1.3340e-14
-2.8469e-05 2.8469e-05 -1.2875e-14
-2.8504e-05 2.8504e-05 -1.2410e-14
-2.8537e-05 2.8537e-05 -1.1944e-14
-2.8570e-05 2.8570e-05 -1.1480e-14
-2.8601e-05 2.8601e-05 -1.1015e-14
-2.8634e-05 2.8634e-05 -1.0551e-14
-2.8666e-05 2.8666e-05 -1.0087e-14
-2.8698e-05 2.8698e-05 -9.6250e-15
-2.8729e-05 2.8729e-05 -9.1641e-15
-2.8759e-05 2.8759e-05 -8.7057e-15
-2.8791e-05 2.8791e-05 -8.2488e-15
-2.8822e-05 2.8822e-05 -7.7948e-15
-2.8855e-05 2.8855e-05 -7.3439e-15
-2.8886e-05 2.8886e-05 -6.8980e-15
-2.8918e-05 2.8918e-05 -6.4581e-15
-2.8949e-05 2.8949e-05 -6.0256e-15
-2.8978e-05 2.8978e-05 -5.6023e-15
-2.9010e-05 2.9010e-05 -5.1900e-15
-2.9043e-05 2.9043e-05 -4.7909e-15
-2.9076e-05 2.9076e-05 -4.4072e-15
-2.9108e-05 2.9108e-05 -4.0383e-15
-2.9141e-05 2.9141e-05 -3.6697e-15
-2.9174e-05 2.9174e-05 -3.2284e-15
-2.9207e-05 2.9207e-05 -2.3708e-15
-2.9238e-05 2.9238e-05 4.8278e-16
-2.9274e-05 2.9274e-05 1.2447e-14
-2.9310e-05 2.9310e-05 6.4956e-14
-2.9345e-05 2.9345e-05 2.9504e-13
-2.9379e-05 2.9379e-05 1.2857e-12
-2.9414e-05 2.9414e-05 5.4235e-12
-2.9450e-05 2.9450e-05 2.2303e-11
-2.9491e-05 2.9491e-05 8.8912e-11
-2.9530e-05 2.9529e-05 3.3797e-10
-2.9571e-05 2.9570e-05 1.2074e-09
-2.9622e-05 2.9618e-05 3.9570e-09
-2.9690e-05 2.9678e-05 1.1608e-08
-2.9788e-05 2.9758e-05 2.9684e-08
-2.9955e-05 2.9889e-05 6.6188e-08
-3.0214e-05 3.0084e-05 1.3048e-07
-3.0590e-05 3.0357e-05 2.3311e-07
-3.1114e-05 3.0728e-05 3.8613e-07
-3.1829e-05 3.1226e-05 6.0286e-07
-3.2751e-05 3.1853e-05 8.9843e-07
-3.3908e-05 3.2622e-05 1.2859e-06
-3.5303e-05 3.3527e-05 1.7753e-06
-3.6921e-05 3.4548e-05 2.3729e-06
-3.8728e-05 3.5654e-05 3.0740e-06
-4.0682e-05 3.6811e-05 3.8712e-06
-4.2740e-05 3.7988e-05 4.7515e-06
-4.4844e-05 3.9147e-05 5.6971e-06
-4.6967e-05 4.0272e-05 6.6952e-06
-4.9087e-05 4.1353e-05 7.7337e-06
-5.1173e-05 4.2374e-05 8.7996e-06
-5.3237e-05 4.3347e-05 9.8895e-06
-5.5263e-05 4.4267e-05 1.0996e-05
-5.7250e-05 4.5134e-05 1.2116e-05
-5.9198e-05 4.5953e-05 1.3245e-05
-6.1112e-05 4.6728e-05 1.4384e-05
-6.2987e-05 4.7458e-05 1.5529e-05
-6.4831e-05 4.8150e-05 1.6681e-05
-6.6643e-05 4.8804e-05 1.7840e-05
-6.8429e-05 4.9422e-05 1.9007e-05
-7.0180e-05 5.0005e-05 2.0175e-05
-7.1913e-05 5.0557e-05 2.1356e-05
-7.3612e-05 5.1075e-05 2.2537e-05
-7.5294e-05 5.1565e-05 2.3729e-05
-7.6949e-05 5.2025e-05 2.4923e-05
-7.8588e-05 5.2460e-05 2.6129e-05
-8.0199e-05 5.2864e-05 2.7335e-05
-8.1794e-05 5.3245e-05 2.8550e-05
-8.3382e-05 5.3602e-05 2.9781e-05
-8.4943e-05 5.3932e-05 3.1012e-05
-8.6485e-05 5.4237e-05 3.2248e-05
-8.8015e-05 5.4520e-05 3.3495e-05
-8.9530e-05 5.4781e-05 3.4749e-05
-9.1036e-05 5.5021e-05 3.6014e-05
-9.2515e-05 5.5237e-05 3.7278e-05
-9.3991e-05 5.5433e-05 3.8559e-05
-9.5444e-05 5.5610e-05 3.9834e-05
-9.6891e-05 5.5770e-05 4.1121e-05
-9.8335e-05 5.5898e-05 4.2437e-05
-9.9749e-05 5.6018e-05 4.3732e-05
-1.0116e-04 5.6110e-05 4.5053e-05
-1.0257e-04 5.6187e-05 4.6378e-05
-1.0396e-04 5.6247e-05 4.7716e-05
-1.0534e-04 5.6286e-05 4.9052e-05
-1.0671e-04 5.6309e-05 5.0398e-05
-1.0806e-04 5.6313e-05 5.1745e-05
-1.0941e-04 5.6302e-05 5.3110e-05
-1.1075e-04 5.6270e-05 5.4475e-05
-1.1207e-04 5.6223e-05 5.5849e-05
-1.1338e-04 5.6157e-05 5.7225e-05
-1.1469e-04 5.6076e-05 5.8616e-05
-1.1599e-04 5.5978e-05 6.0010e-05
-1.1727e-04 5.5863e-05 6.1411e-05
-1.1853e-04 5.5739e-05 6.2796e-05
-1.1981e-04 5.5582e-05 6.4230e-05
-1.2105e-04 5.5428e-05 6.5627e-05
-1.2232e-04 5.5238e-05 6.7079e-05
-1.2354e-04 5.5042e-05 6.8498e-05
-1.2476e-04 5.4846e-05 6.9916e-05
-1.2598e-04 5.4640e-05 7.1341e-05
-1.2719e-04 5.4351e-05 7.2842e-05
-1.2838e-04 5.4107e-05 7.4273e-05
-1.2957e-04 5.3811e-05 7.5763e-05
-1.3075e-04 5.3517e-05 7.7231e-05
-1.3191e-04 5.3206e-05 7.8707e-05
-1.3307e-04 5.2881e-05 8.0185e-05
-1.3425e-04 5.2669e-05 8.1584e-05
-1.3534e-04 5.2234e-05 8.3105e-05
-1.3646e-04 5.1818e-05 8.4642e-05
-1.3758e-04 5.1409e-05 8.6170e-05
-1.3869e-04 5.0999e-05 8.7687e-05
-1.3977e-04 5.0587e-05 8.9181e-05
-1.4086e-04 5.0132e-05 9.0727e-05
-1.4192e-04 4.9676e-05 9.2246e-05
-1.4298e-04 4.9199e-05 9.3785e-05
-1.4403e-04 4.8707e-05 9.5323e-05
-1.4505e-04 4.8211e-05 9.6842e-05
-1.4608e-04 4.7682e-05 9.8396e-05
-1.4709e-04 4.7138e-05 9.9952e-05
-1.4809e-04 4.6576e-05 1.0152e-04
-1.4908e-04 4.6041e-05 1.0304e-04
-1.5005e-04 4.5408e-05 1.0465e-04
-1.5103e-04 4.4797e-05 1.0623e-04
-1.5198e-04 4.4170e-05 1.0781e-04
-1.5291e-04 4.3523e-05 1.0939e-04
-1.5384e-04 4.2863e-05 1.1098e-04
-1.5475e-04 4.2184e-05 1.1256e-04
-1.5564e-04 4.1490e-05 1.1415e-04
-1.5653e-04 4.0780e-05 1.1575e-04
-1.5740e-04 4.0053e-05 1.1735e-04
-1.5826e-04 3.9309e-05 1.1895e-04
-1.5911e-04 3.8548e-05 1.2056e-04
-1.5995e-04 3.7769e-05 1.2218e-04
-1.6077e-04 3.6925e-05 1.2385e-04
-1.6158e-04 3.6102e-05 1.2548e-04
-1.6238e-04 3.5262e-05 1.2712e-04
-1.6315e-04 3.4429e-05 1.2872e-04
-1.6393e-04 3.3607e-05 1.3032e-04
-1.6466e-04 3.2652e-05 1.3201e-04
-1.6540e-04 3.1714e-05 1.3369e-04
-1.6613e-04 3.0778e-05 1.3536e-04
-1.6685e-04 2.9898e-05 1.3695e-04
-1.6753e-04 2.8861e-05 1.3867e-04
-1.6823e-04 2.7871e-05 1.4035e-04
-1.6889e-04 2.6864e-05 1.4203e-04
-1.6954e-04 2.5842e-05 1.4370e-04
-1.7019e-04 2.4801e-05 1.4539e-04
-1.7081e-04 2.3747e-05 1.4706e-04
-1.7142e-04 2.2674e-05 1.4875e-04
-1.7203e-04 2.1585e-05 1.5044e-04
-1.7262e-04 2.0462e-05 1.5216e-04
-1.7320e-04 1.9331e-05 1.5387e-04
-1.7376e-04 1.8188e-05 1.5557e-04
-1.7431e-04 1.7030e-05 1.5728e-04
-1.7486e-04 1.5845e-05 1.5901e-04
-1.7538e-04 1.4660e-05 1.6072e-04
-1.7590e-04 1.3440e-05 1.6246e-04
-1.7641e-04 1.2211e-05 1.6420e-04
-1.7690e-04 1.0969e-05 1.6594e-04
-1.7739e-04 9.7091e-06 1.6768e-04
-1.7785e-04 8.4406e-06 1.6941e-04
-1.7831e-04 7.1444e-06 1.7117e-04
-1.7876e-04 5.8388e-06 1.7292e-04
-1.7920e-04 4.5166e-06 1.7469e-04
-1.7964e-04 3.1817e-06 1.7646e-04
-1.8005e-04 1.8445e-06 1.7820e-04
-1.8047e-04 4.6655e-07 1.8000e-04
-1.8086e-04 -9.1899e-07 1.8178e-04
-1.8125e-04 -2.3144e-06 1.8356e-04
-1.8163e-04 -3.7260e-06 1.8535e-04
-1.8199e-04 -5.1523e-06 1.8715e-04
-1.8235e-04 -6.5906e-06 1.8894e-04
-1.8270e-04 -8.0483e-06 1.9075e-04
-1.8304e-04 -9.5182e-06 1.9255e-04
-1.8337e-04 -1.1000e-05 1.9437e-04
-1.8368e-04 -1.2498e-05 1.9618e-04
-1.8400e-04 -1.4010e-05 1.9801e-04
-1.8429e-04 -1.5538e-05 1.9983e-04
-1.8458e-04 -1.7084e-05 2.0167e-04
-1.8486e-04 -1.8631e-05 2.0349e-04
-1.8513e-04 -2.0182e-05 2.0531e-04
-1.8552e-04 -2.1470e-05 2.0699e-04
-1.8564e-04 -2.3394e-05 2.0904e-04
-1.8589e-04 -2.5006e-05 2.1089e-04
-1.8612e-04 -2.6606e-05 2.1272e-04
-1.8635e-04 -2.8213e-05 2.1456e-04
-1.8657e-04 -2.9847e-05 2.1641e-04
-1.8678e-04 -3.1498e-05 2.1827e-04
-1.8712e-04 -3.2871e-05 2.1999e-04
-1.8722e-04 -3.4720e-05 2.2194e-04
-1.8734e-04 -3.6570e-05 2.2391e-04
-1.8748e-04 -3.8351e-05 2.2584e-04
-1.8764e-04 -4.0135e-05 2.2777e-04
-1.8778e-04 -4.1882e-05 2.2967e-04
-1.8792e-04 -4.3642e-05 2.3157e-04
-1.8806e-04 -4.5415e-05 2.3347e-04
-1.8818e-04 -4.7197e-05 2.3538e-04
