-5.9927e-09 5.9927e-09 -9.5244e-16
-1.9667e-08 1.9667e-08 -1.2159e-15
-5.0241e-08 5.0241e-08 -1.3803e-15
-1.0948e-07 1.0948e-07 -1.5406e-15
-2.0796e-07 2.0796e-07 -1.7122e-15
-3.5235e-07 3.5235e-07 -1.8974e-15
-5.4545e-07 5.4545e-07 -2.0965e-15
-7.8766e-07 7.8766e-07 -2.3089e-15
-1.0782e-06 1.0782e-06 -2.5338e-15
-1.4157e-06 1.4157e-06 -2.7726e-15
-1.7990e-06 1.7990e-06 -3.0289e-15
-2.2266e-06 2.2266e-06 -3.3039e-15
-2.6973e-06 2.6973e-06 -3.5967e-15
-3.2098e-06 3.2098e-06 -3.9063e-15
-3.7631e-06 3.7631e-06 -4.2318e-15
-4.3559e-06 4.3559e-06 -4.5716e-15
-4.9876e-06 4.9876e-06 -4.9239e-15
-5.6570e-06 5.6570e-06 -5.2869e-15
-6.3632e-06 6.3632e-06 -5.6584e-15
-7.1055e-06 7.1055e-06 -6.0367e-15
-7.8825e-06 7.8825e-06 -6.4202e-15
-8.6942e-06 8.6942e-06 -6.8077e-15
-9.5395e-06 9.5395e-06 -7.1980e-15
-1.0418e-05 1.0418e-05 -7.5902e-15
-1.1328e-05 1.1328e-05 -7.9837e-15
-1.2270e-05 1.2270e-05 -8.3779e-15
-1.3243e-05 1.3243e-05 -8.7723e-15
-1.4245e-05 1.4245e-05 -9.1664e-15
-1.5278e-05 1.5278e-05 -9.5602e-15
-1.6339e-05 1.6339e-05 -9.9531e-15
-1.7452e-05 1.7452e-05 -9.8805e-15
-1.8595e-05 1.8595e-05 -9.8065e-15
-1.9766e-05 1.9766e-05 -9.7310e-15
-2.0967e-05 2.0967e-05 -9.6542e-15
-2.2194e-05 2.2194e-05 -9.5760e-15
-2.3449e-05 2.3449e-05 -9.4964e-15
-2.4731e-05 2.4731e-05 -9.4154e-15
-2.6037e-05 2.6037e-05 -9.3330e-15
-2.7370e-05 2.7370e-05 -9.2493e-15
-2.8727e-05 2.8727e-05 -9.1642e-15
-3.0110e-05 3.0110e-05 -9.0777e-15
-3.1515e-05 3.1515e-05 -8.9898e-15
-3.2944e-05 3.2944e-05 -8.9005e-15
-3.4396e-05 3.4396e-05 -8.8099e-15
-3.5869e-05 3.5869e-05 -8.7180e-15
-3.7365e-05 3.7365e-05 -8.6246e-15
-3.8881e-05 3.8881e-05 -8.5299e-15
-4.0420e-05 4.0420e-05 -8.4337e-15
-4.1978e-05 4.1978e-05 -8.3361e-15
-4.3556e-05 4.3556e-05 -8.2371e-15
-4.5153e-05 4.5153e-05 -8.1368e-15
-4.6769e-05 4.6769e-05 -8.0350e-15
-4.8401e-05 4.8401e-05 -7.9319e-15
-5.0053e-05 5.0053e-05 -7.8274e-15
-5.1721e-05 5.1721e-05 -7.7214e-15
-5.3407e-05 5.3407e-05 -7.6141e-15
-5.5109e-05 5.5109e-05 -7.5053e-15
-5.6828e-05 5.6828e-05 -7.3951e-15
-5.8559e-05 5.8559e-05 -7.2837e-15
-6.0309e-05 6.0309e-05 -7.1707e-15
-6.2071e-05 6.2071e-05 -7.0565e-15
-6.3847e-05 6.3847e-05 -6.9410e-15
-6.5637e-05 6.5637e-05 -6.8243e-15
-6.7440e-05 6.7440e-05 -6.7063e-15
-6.9252e-05 6.9252e-05 -6.5872e-15
