1.8048e-08 -1.8048e-08 2.7932e-15
5.9231e-08 -5.9231e-08 3.5757e-15
1.5131e-07 -1.5131e-07 4.0689e-15
3.2972e-07 -3.2972e-07 4.5513e-15
6.2632e-07 -6.2632e-07 5.0679e-15
1.0612e-06 -1.0612e-06 5.6258e-15
1.6427e-06 -1.6427e-06 6.2263e-15
2.3722e-06 -2.3722e-06 6.8700e-15
3.2471e-06 -3.2471e-06 7.5578e-15
4.2638e-06 -4.2638e-06 8.2913e-15
5.4183e-06 -5.4183e-06 9.0735e-15
6.7057e-06 -6.7057e-06 9.9060e-15
8.1235e-06 -8.1235e-06 1.0789e-14
9.6670e-06 -9.6670e-06 1.1722e-14
1.1333e-05 -1.1333e-05 1.2702e-14
1.3118e-05 -1.3118e-05 1.3725e-14
1.5021e-05 -1.5021e-05 1.4786e-14
1.7037e-05 -1.7037e-05 1.5879e-14
1.9164e-05 -1.9164e-05 1.6997e-14
2.1399e-05 -2.1399e-05 1.8136e-14
2.3785e-05 -2.3785e-05 1.7981e-14
2.6279e-05 -2.6279e-05 1.7821e-14
2.8880e-05 -2.8880e-05 1.7658e-14
3.1586e-05 -3.1586e-05 1.7491e-14
3.4394e-05 -3.4394e-05 1.7320e-14
3.7301e-05 -3.7301e-05 1.7145e-14
4.0306e-05 -4.0306e-05 1.6967e-14
4.3409e-05 -4.3409e-05 1.6786e-14
4.6605e-05 -4.6605e-05 1.6601e-14
4.9892e-05 -4.9892e-05 1.6413e-14
5.3271e-05 -5.3271e-05 1.6222e-14
5.6738e-05 -5.6738e-05 1.6029e-14
6.0291e-05 -6.0291e-05 1.5832e-14
6.3932e-05 -6.3932e-05 1.5633e-14
6.7656e-05 -6.7656e-05 1.5431e-14
7.1461e-05 -7.1461e-05 1.5227e-14
7.5345e-05 -7.5345e-05 1.5021e-14
7.9309e-05 -7.9309e-05 1.4812e-14
8.3348e-05 -8.3348e-05 1.4601e-14
8.7465e-05 -8.7465e-05 1.4388e-14
9.1655e-05 -9.1655e-05 1.4174e-14
9.5913e-05 -9.5913e-05 1.3957e-14
1.0025e-04 -1.0025e-04 1.3739e-14
1.0465e-04 -1.0465e-04 1.3519e-14
1.0912e-04 -1.0912e-04 1.3298e-14
1.1365e-04 -1.1365e-04 1.3075e-14
1.1825e-04 -1.1825e-04 1.2850e-14
1.2292e-04 -1.2292e-04 1.2623e-14
1.2764e-04 -1.2764e-04 1.2393e-14
