-5.9927e-09 5.9927e-09 -9.5244e-16
-1.9667e-08 1.9667e-08 -1.2159e-15
-5.0241e-08 5.0241e-08 -1.3803e-15
-1.0948e-07 1.0948e-07 -1.5406e-15
-2.0796e-07 2.0796e-07 -1.7122e-15
-3.5235e-07 3.5235e-07 -1.8974e-15
-5.4545e-07 5.4545e-07 -2.0965e-15
-7.8766e-07 7.8766e-07 -2.3089e-15
-1.0782e-06 1.0782e-06 -2.5338e-15
-1.4157e-06 1.4157e-06 -2.7726e-15
-1.7990e-06 1.7990e-06 -3.0289e-15
-2.2266e-06 2.2266e-06 -3.3039e-15
-2.6973e-06 2.6973e-06 -3.5967e-15
-3.2098e-06 3.2098e-06 -3.9063e-15
-3.7631e-06 3.7631e-06 -4.2318e-15
-4.3559e-06 4.3559e-06 -4.5716e-15
-4.9876e-06 4.9876e-06 -4.9239e-15
-5.6570e-06 5.6570e-06 -5.2869e-15
-6.3632e-06 6.3632e-06 -5.6584e-15
-7.1055e-06 7.1055e-06 -6.0367e-15
-7.8975e-06 7.8975e-06 -5.9850e-15
-8.7257e-06 8.7257e-06 -5.9320e-15
-9.5893e-06 9.5893e-06 -5.8777e-15
-1.0488e-05 1.0488e-05 -5.8221e-15
-1.1420e-05 1.1420e-05 -5.7652e-15
-1.2385e-05 1.2385e-05 -5.7072e-15
-1.3383e-05 1.3383e-05 -5.6480e-15
-1.4413e-05 1.4413e-05 -5.5877e-15
-1.5475e-05 1.5475e-05 -5.5263e-15
-1.6566e-05 1.6566e-05 -5.4639e-15
-1.7688e-05 1.7688e-05 -5.4004e-15
-1.8839e-05 1.8839e-05 -5.3360e-15
-2.0019e-05 2.0019e-05 -5.2707e-15
-2.1228e-05 2.1228e-05 -5.2045e-15
-2.2464e-05 2.2464e-05 -5.1374e-15
-2.3728e-05 2.3728e-05 -5.0696e-15
-2.5017e-05 2.5017e-05 -5.0009e-15
-2.6334e-05 2.6334e-05 -4.9315e-15
-2.7675e-05 2.7675e-05 -4.8614e-15
-2.9042e-05 2.9042e-05 -4.7906e-15
-3.0433e-05 3.0433e-05 -4.7190e-15
-3.1847e-05 3.1847e-05 -4.6468e-15
-3.3287e-05 3.3287e-05 -4.5738e-15
-3.4747e-05 3.4747e-05 -4.4999e-15
-3.6232e-05 3.6232e-05 -4.4247e-15
-3.7738e-05 3.7738e-05 -4.3478e-15
-3.9264e-05 3.9264e-05 -4.2683e-15
-4.0813e-05 4.0813e-05 -4.1844e-15
-4.2382e-05 4.2382e-05 -4.0932e-15
-4.3971e-05 4.3971e-05 -3.9894e-15
-4.5579e-05 4.5579e-05 -3.8641e-15
-4.7207e-05 4.7207e-05 -3.7011e-15
-4.8852e-05 4.8852e-05 -3.4726e-15
-5.0516e-05 5.0516e-05 -3.1301e-15
-5.2196e-05 5.2196e-05 -2.5875e-15
-5.3897e-05 5.3897e-05 -1.6950e-15
-5.5613e-05 5.5613e-05 -1.8985e-16
-5.7342e-05 5.7342e-05 2.3833e-15
-5.9092e-05 5.9092e-05 6.8378e-15
-6.0852e-05 6.0852e-05 1.4568e-14
-6.2630e-05 6.2630e-05 2.8053e-14
-6.4422e-05 6.4422e-05 5.1610e-14
-6.6233e-05 6.6233e-05 9.2832e-14
-6.8053e-05 6.8053e-05 1.6485e-13
-6.9883e-05 6.9883e-05 2.9078e-13
-7.1730e-05 7.1730e-05 5.1091e-13
-7.3588e-05 7.3588e-05 8.9538e-13
-7.5459e-05 7.5459e-05 1.5662e-12
-7.7341e-05 7.7341e-05 2.7349e-12
-7.9235e-05 7.9235e-05 4.7674e-12
