-1.2028e-17 -5.2963e-15 5.3083e-15
-6.0941e-09 6.0941e-09 1.1083e-17
-1.9968e-08 1.9968e-08 -9.3966e-16
-5.0914e-08 5.0914e-08 -1.2024e-15
-1.1073e-07 1.1073e-07 -1.3657e-15
-2.0996e-07 2.0996e-07 -1.5246e-15
-3.5518e-07 3.5518e-07 -1.6944e-15
-5.4915e-07 5.4915e-07 -1.8775e-15
-7.9223e-07 7.9223e-07 -2.0740e-15
-1.0836e-06 1.0836e-06 -2.2835e-15
-1.4220e-06 1.4220e-06 -2.5071e-15
-1.8061e-06 1.8061e-06 -2.7468e-15
-2.2345e-06 2.2345e-06 -3.0034e-15
-2.7060e-06 2.7060e-06 -3.2767e-15
-3.2191e-06 3.2191e-06 -3.5667e-15
-3.7732e-06 3.7732e-06 -3.8731e-15
-4.3667e-06 4.3667e-06 -4.1953e-15
-4.9991e-06 4.9991e-06 -4.5318e-15
-5.6695e-06 5.6695e-06 -4.8809e-15
-6.3765e-06 6.3765e-06 -5.2408e-15
-7.1193e-06 7.1193e-06 -5.6094e-15
-7.8983e-06 7.8983e-06 -5.9850e-15
-8.7101e-06 8.7101e-06 -6.3660e-15
-9.5562e-06 9.5562e-06 -6.7511e-15
-1.0435e-05 1.0435e-05 -7.1391e-15
-1.1346e-05 1.1346e-05 -7.5292e-15
-1.2289e-05 1.2289e-05 -7.9206e-15
-1.3264e-05 1.3264e-05 -8.3127e-15
-1.4266e-05 1.4266e-05 -8.7052e-15
-1.5300e-05 1.5300e-05 -9.0975e-15
-1.6362e-05 1.6362e-05 -9.4894e-15
-1.7453e-05 1.7453e-05 -9.8805e-15
-1.8570e-05 1.8570e-05 -1.0271e-14
-1.9716e-05 1.9716e-05 -1.0660e-14
-2.0886e-05 2.0886e-05 -1.1048e-14
-2.2084e-05 2.2084e-05 -1.1434e-14
-2.3305e-05 2.3305e-05 -1.1819e-14
-2.4552e-05 2.4552e-05 -1.2202e-14
-2.5823e-05 2.5823e-05 -1.2583e-14
-2.7118e-05 2.7118e-05 -1.2963e-14
-2.8434e-05 2.8434e-05 -1.3340e-14
-2.9773e-05 2.9773e-05 -1.3716e-14
-3.1135e-05 3.1135e-05 -1.4089e-14
-3.2511e-05 3.2511e-05 -1.4461e-14
-3.3914e-05 3.3914e-05 -1.4830e-14
-3.5332e-05 3.5332e-05 -1.5197e-14
-3.6776e-05 3.6776e-05 -1.5561e-14
-3.8229e-05 3.8229e-05 -1.5923e-14
-3.9702e-05 3.9702e-05 -1.6282e-14
-4.1193e-05 4.1193e-05 -1.6639e-14
