-1.2028e-17 -5.2963e-15 5.3083e-15
-9.2476e-17 -3.7670e-14 3.7762e-14
-6.3462e-16 -2.3899e-13 2.3962e-13
-4.3086e-15 -1.4970e-12 1.5014e-12
-6.4636e-09 6.4633e-09 2.4263e-13
-2.1000e-08 2.1000e-08 4.1397e-14
-5.3150e-08 5.3150e-08 9.0310e-15
-1.1479e-07 1.1479e-07 3.7023e-15
-2.1632e-07 2.1632e-07 2.7060e-15
-3.6410e-07 3.6410e-07 2.3590e-15
-5.6072e-07 5.6072e-07 1.9603e-15
-8.0643e-07 8.0643e-07 1.1806e-15
-1.1004e-06 1.1004e-06 -5.4105e-17
-1.4413e-06 1.4413e-06 -1.1661e-15
-1.8279e-06 1.8279e-06 -1.8022e-15
-2.2587e-06 2.2587e-06 -2.1596e-15
-2.7324e-06 2.7324e-06 -2.4249e-15
-3.2480e-06 3.2480e-06 -2.6720e-15
-3.8044e-06 3.8044e-06 -2.9245e-15
-4.4003e-06 4.4003e-06 -3.1899e-15
-5.0350e-06 5.0350e-06 -3.4705e-15
-5.7074e-06 5.7074e-06 -3.7669e-15
-6.4164e-06 6.4164e-06 -4.0787e-15
-7.1621e-06 7.1621e-06 -4.4051e-15
-7.9423e-06 7.9423e-06 -4.7444e-15
-8.7577e-06 8.7577e-06 -5.0949e-15
-9.6064e-06 9.6064e-06 -5.4547e-15
-1.0488e-05 1.0488e-05 -5.8220e-15
-1.1402e-05 1.1402e-05 -6.1952e-15
-1.2347e-05 1.2347e-05 -6.5729e-15
-1.3325e-05 1.3325e-05 -6.9540e-15
-1.4329e-05 1.4329e-05 -7.3376e-15
-1.5366e-05 1.5366e-05 -7.7226e-15
-1.6431e-05 1.6431e-05 -8.1087e-15
-1.7524e-05 1.7524e-05 -8.4953e-15
-1.8645e-05 1.8645e-05 -8.8819e-15
-1.9791e-05 1.9791e-05 -9.2685e-15
-2.0965e-05 2.0965e-05 -9.6541e-15
-2.2168e-05 2.2168e-05 -1.0039e-14
-2.3391e-05 2.3391e-05 -1.0423e-14
-2.4640e-05 2.4640e-05 -1.0805e-14
-2.5919e-05 2.5919e-05 -1.1186e-14
-2.7211e-05 2.7211e-05 -1.1566e-14
-2.8531e-05 2.8531e-05 -1.1944e-14
-2.9876e-05 2.9876e-05 -1.2320e-14
-3.1243e-05 3.1243e-05 -1.2695e-14
-3.2627e-05 3.2627e-05 -1.3067e-14
-3.4027e-05 3.4027e-05 -1.3438e-14
-3.5451e-05 3.5451e-05 -1.3806e-14
-3.6898e-05 3.6898e-05 -1.4172e-14
-3.8357e-05 3.8357e-05 -1.4535e-14
-3.9836e-05 3.9836e-05 -1.4897e-14
-4.1331e-05 4.1331e-05 -1.5255e-14
