-1.2028e-17 -5.2963e-15 5.3083e-15
-9.2476e-17 -3.7670e-14 3.7762e-14
-6.3462e-16 -2.3899e-13 2.3962e-13
-4.3086e-15 -1.4970e-12 1.5014e-12
-2.9512e-14 -9.3828e-12 9.4123e-12
-2.0862e-13 -5.8929e-11 5.9138e-11
-7.5244e-09 7.5148e-09 9.5629e-12
-2.2589e-08 2.2588e-08 1.6749e-12
-5.5485e-08 5.5484e-08 4.1616e-13
-1.1828e-07 1.1828e-07 2.1334e-13
-2.2129e-07 2.2129e-07 1.7856e-13
-3.7073e-07 3.7073e-07 1.6746e-13
-5.6907e-07 5.6907e-07 1.4975e-13
-8.1649e-07 8.1649e-07 1.1014e-13
-1.1122e-06 1.1122e-06 5.6483e-14
-1.4548e-06 1.4548e-06 2.0015e-14
-1.8430e-06 1.8430e-06 5.1111e-15
-2.2754e-06 2.2754e-06 2.0132e-16
-2.7508e-06 2.7508e-06 -1.3980e-15
-3.2680e-06 3.2680e-06 -2.0127e-15
-3.8258e-06 3.8258e-06 -2.3483e-15
-4.4232e-06 4.4232e-06 -2.6123e-15
-5.0594e-06 5.0594e-06 -2.8656e-15
-5.7330e-06 5.7330e-06 -3.1267e-15
-6.4440e-06 6.4440e-06 -3.4012e-15
-7.1909e-06 7.1909e-06 -3.6909e-15
-7.9730e-06 7.9730e-06 -3.9958e-15
-8.7890e-06 8.7890e-06 -4.3152e-15
-9.6398e-06 9.6398e-06 -4.6477e-15
-1.0523e-05 1.0523e-05 -4.9917e-15
-1.1439e-05 1.1439e-05 -5.3455e-15
-1.2386e-05 1.2386e-05 -5.7071e-15
-1.3364e-05 1.3364e-05 -6.0750e-15
-1.4371e-05 1.4371e-05 -6.4478e-15
-1.5410e-05 1.5410e-05 -6.8241e-15
-1.6476e-05 1.6476e-05 -7.2031e-15
-1.7571e-05 1.7571e-05 -7.5840e-15
-1.8694e-05 1.8694e-05 -7.9660e-15
-1.9844e-05 1.9844e-05 -8.3486e-15
-2.1020e-05 2.1020e-05 -8.7314e-15
-2.2220e-05 2.2220e-05 -9.1143e-15
-2.3447e-05 2.3447e-05 -9.4963e-15
-2.4700e-05 2.4700e-05 -9.8774e-15
-2.5975e-05 2.5975e-05 -1.0258e-14
-2.7275e-05 2.7275e-05 -1.0637e-14
-2.8600e-05 2.8600e-05 -1.1014e-14
-2.9945e-05 2.9945e-05 -1.1390e-14
-3.1307e-05 3.1307e-05 -1.1765e-14
-3.2694e-05 3.2694e-05 -1.2138e-14
-3.4105e-05 3.4105e-05 -1.2508e-14
-3.5530e-05 3.5530e-05 -1.2878e-14
-3.6978e-05 3.6978e-05 -1.3244e-14
-3.8441e-05 3.8441e-05 -1.3609e-14
-3.9924e-05 3.9924e-05 -1.3971e-14
-4.1422e-05 4.1422e-05 -1.4331e-14
