-9.9866e-19 -4.6130e-16 4.6230e-16
-2.4223e-18 -1.1157e-15 1.1181e-15
-6.0326e-09 6.0326e-09 -7.2900e-16
-1.9786e-08 1.9786e-08 -1.1317e-15
-5.0507e-08 5.0507e-08 -1.3134e-15
-1.0998e-07 1.0998e-07 -1.4713e-15
-2.0875e-07 2.0875e-07 -1.6372e-15
-3.5347e-07 3.5347e-07 -1.8161e-15
-5.4693e-07 5.4693e-07 -2.0086e-15
-7.8948e-07 7.8948e-07 -2.2143e-15
-1.0803e-06 1.0803e-06 -2.4325e-15
-1.4182e-06 1.4182e-06 -2.6645e-15
-1.8018e-06 1.8018e-06 -2.9137e-15
-2.2298e-06 2.2298e-06 -3.1811e-15
-2.7008e-06 2.7008e-06 -3.4660e-15
-3.2136e-06 3.2136e-06 -3.7679e-15
-3.7670e-06 3.7670e-06 -4.0859e-15
-4.3602e-06 4.3602e-06 -4.4188e-15
-4.9921e-06 4.9921e-06 -4.7651e-15
-5.6618e-06 5.6618e-06 -5.1228e-15
-6.3685e-06 6.3685e-06 -5.4899e-15
-7.1111e-06 7.1111e-06 -5.8646e-15
-7.8884e-06 7.8884e-06 -6.2452e-15
-8.7004e-06 8.7004e-06 -6.6302e-15
-9.5462e-06 9.5462e-06 -7.0186e-15
-1.0425e-05 1.0425e-05 -7.4093e-15
-1.1335e-05 1.1335e-05 -7.8015e-15
-1.2278e-05 1.2278e-05 -8.1946e-15
-1.3251e-05 1.3251e-05 -8.5881e-15
-1.4254e-05 1.4254e-05 -8.9817e-15
-1.5287e-05 1.5287e-05 -9.3749e-15
-1.6348e-05 1.6348e-05 -9.7674e-15
-1.7438e-05 1.7438e-05 -1.0159e-14
-1.8556e-05 1.8556e-05 -1.0550e-14
-1.9699e-05 1.9699e-05 -1.0939e-14
-2.0871e-05 2.0871e-05 -1.1327e-14
-2.2068e-05 2.2068e-05 -1.1714e-14
-2.3288e-05 2.3288e-05 -1.2098e-14
-2.4535e-05 2.4535e-05 -1.2481e-14
-2.5805e-05 2.5805e-05 -1.2863e-14
-2.7098e-05 2.7098e-05 -1.3242e-14
-2.8413e-05 2.8413e-05 -1.3620e-14
-2.9752e-05 2.9752e-05 -1.3995e-14
-3.1112e-05 3.1112e-05 -1.4368e-14
-3.2493e-05 3.2493e-05 -1.4739e-14
-3.3889e-05 3.3889e-05 -1.5108e-14
-3.5309e-05 3.5309e-05 -1.5475e-14
-3.6747e-05 3.6747e-05 -1.5839e-14
-3.8201e-05 3.8201e-05 -1.6200e-14
-3.9677e-05 3.9677e-05 -1.6559e-14
-4.1165e-05 4.1165e-05 -1.6916e-14
