-1.2028e-17 -5.2963e-15 5.3083e-15
-9.2476e-17 -3.7670e-14 3.7762e-14
-6.2023e-09 6.2023e-09 5.3717e-15
-2.0285e-08 2.0285e-08 8.1344e-17
-5.1617e-08 5.1617e-08 -8.6900e-16
-1.1202e-07 1.1202e-07 -1.1317e-15
-2.1200e-07 2.1200e-07 -1.2945e-15
-3.5807e-07 3.5807e-07 -1.4529e-15
-5.5292e-07 5.5292e-07 -1.6236e-15
-7.9687e-07 7.9687e-07 -1.8122e-15
-1.0891e-06 1.0891e-06 -2.0221e-15
-1.4283e-06 1.4283e-06 -2.2475e-15
-1.8132e-06 1.8132e-06 -2.4804e-15
-2.2424e-06 2.2424e-06 -2.7226e-15
-2.7147e-06 2.7147e-06 -2.9780e-15
-3.2286e-06 3.2286e-06 -3.2488e-15
-3.7835e-06 3.7835e-06 -3.5357e-15
-4.3777e-06 4.3777e-06 -3.8388e-15
-5.0109e-06 5.0109e-06 -4.1576e-15
-5.6817e-06 5.6817e-06 -4.4907e-15
-6.3898e-06 6.3898e-06 -4.8366e-15
-7.1337e-06 7.1337e-06 -5.1934e-15
-7.9127e-06 7.9127e-06 -5.5591e-15
-8.7261e-06 8.7261e-06 -5.9320e-15
-9.5727e-06 9.5727e-06 -6.3105e-15
-1.0453e-05 1.0453e-05 -6.6931e-15
-1.1365e-05 1.1365e-05 -7.0788e-15
-1.2309e-05 1.2309e-05 -7.4666e-15
-1.3283e-05 1.3283e-05 -7.8560e-15
-1.4288e-05 1.4288e-05 -8.2461e-15
-1.5323e-05 1.5323e-05 -8.6365e-15
-1.6384e-05 1.6384e-05 -9.0271e-15
-1.7476e-05 1.7476e-05 -9.4171e-15
-1.8596e-05 1.8596e-05 -9.8065e-15
-1.9740e-05 1.9740e-05 -1.0195e-14
-2.0914e-05 2.0914e-05 -1.0582e-14
-2.2110e-05 2.2110e-05 -1.0968e-14
-2.3335e-05 2.3335e-05 -1.1353e-14
-2.4582e-05 2.4582e-05 -1.1736e-14
-2.5854e-05 2.5854e-05 -1.2117e-14
-2.7149e-05 2.7149e-05 -1.2497e-14
-2.8469e-05 2.8469e-05 -1.2875e-14
-2.9809e-05 2.9809e-05 -1.3251e-14
-3.1168e-05 3.1168e-05 -1.3625e-14
-3.2552e-05 3.2552e-05 -1.3997e-14
-3.3950e-05 3.3950e-05 -1.4366e-14
-3.5377e-05 3.5377e-05 -1.4733e-14
-3.6813e-05 3.6813e-05 -1.5098e-14
-3.8270e-05 3.8270e-05 -1.5461e-14
-3.9746e-05 3.9746e-05 -1.5821e-14
-4.1238e-05 4.1238e-05 -1.6178e-14
