-1.2028e-17 -5.2963e-15 5.3083e-15
-9.2476e-17 -3.7670e-14 3.7762e-14
-6.3462e-16 -2.3899e-13 2.3962e-13
-4.3086e-15 -1.4970e-12 1.5014e-12
-2.9512e-14 -9.3828e-12 9.4123e-12
-2.0862e-13 -5.8929e-11 5.9138e-11
-1.5853e-12 -3.6972e-10 3.7131e-10
-1.3801e-11 -2.2878e-09 2.3016e-09
-1.4343e-10 -1.3431e-08 1.3575e-08
-1.5101e-09 -6.8418e-08 6.9929e-08
-1.1882e-08 -2.7747e-07 2.8936e-07
-6.1547e-08 -8.9365e-07 9.5520e-07
-2.0896e-07 -2.2858e-06 2.4948e-06
-4.8842e-07 -4.5847e-06 5.0731e-06
-8.6020e-07 -7.4130e-06 8.2732e-06
-1.2527e-06 -1.0243e-05 1.1496e-05
-1.6255e-06 -1.2824e-05 1.4450e-05
-1.9732e-06 -1.5155e-05 1.7128e-05
-2.3019e-06 -1.7301e-05 1.9603e-05
-2.6171e-06 -1.9315e-05 2.1932e-05
-2.9226e-06 -2.1227e-05 2.4150e-05
-3.2204e-06 -2.3060e-05 2.6280e-05
-3.5120e-06 -2.4824e-05 2.8336e-05
-3.7985e-06 -2.6532e-05 3.0331e-05
-4.0805e-06 -2.8189e-05 3.2270e-05
-4.3588e-06 -2.9803e-05 3.4161e-05
-4.6341e-06 -3.1377e-05 3.6011e-05
-4.9064e-06 -3.2916e-05 3.7822e-05
-5.1763e-06 -3.4422e-05 3.9598e-05
-5.4440e-06 -3.5899e-05 4.1343e-05
-5.7096e-06 -3.7347e-05 4.3056e-05
-5.9733e-06 -3.8769e-05 4.4742e-05
-6.2355e-06 -4.0167e-05 4.6403e-05
-6.4961e-06 -4.1542e-05 4.8038e-05
-6.7554e-06 -4.2897e-05 4.9652e-05
-7.0134e-06 -4.4231e-05 5.1244e-05
-7.2705e-06 -4.5547e-05 5.2817e-05
-7.5265e-06 -4.6844e-05 5.4371e-05
-7.7818e-06 -4.8127e-05 5.5908e-05
-8.0363e-06 -4.9392e-05 5.7429e-05
-8.2902e-06 -5.0645e-05 5.8935e-05
-8.5437e-06 -5.1883e-05 6.0427e-05
-8.7967e-06 -5.3108e-05 6.1905e-05
-9.0492e-06 -5.4321e-05 6.3370e-05
-9.3016e-06 -5.5523e-05 6.4825e-05
-9.5539e-06 -5.6714e-05 6.6268e-05
-9.8060e-06 -5.7896e-05 6.7702e-05
-1.0058e-05 -5.9068e-05 6.9126e-05
-1.0310e-05 -6.0231e-05 7.0541e-05
-1.0563e-05 -6.1386e-05 7.1949e-05
-1.0815e-05 -6.2534e-05 7.3349e-05
-1.1068e-05 -6.3675e-05 7.4743e-05
-1.1321e-05 -6.4809e-05 7.6130e-05
-1.1574e-05 -6.5937e-05 7.7511e-05
-1.1828e-05 -6.7060e-05 7.8888e-05
-1.2082e-05 -6.8176e-05 8.0258e-05
-1.2337e-05 -6.9288e-05 8.1625e-05
-1.2592e-05 -7.0394e-05 8.2987e-05
-1.2848e-05 -7.1497e-05 8.4345e-05
-1.3104e-05 -7.2596e-05 8.5700e-05
-1.3361e-05 -7.3690e-05 8.7052e-05
-1.3619e-05 -7.4782e-05 8.8401e-05
-1.3877e-05 -7.5871e-05 8.9748e-05
-1.4136e-05 -7.6956e-05 9.1093e-05
-1.4396e-05 -7.8041e-05 9.2437e-05
-1.4657e-05 -7.9122e-05 9.3779e-05
-1.4918e-05 -8.0203e-05 9.5121e-05
-1.5180e-05 -8.1282e-05 9.6462e-05
-1.5443e-05 -8.2361e-05 9.7804e-05
-1.5708e-05 -8.3438e-05 9.9146e-05
-1.5973e-05 -8.4516e-05 1.0049e-04
-1.6239e-05 -8.5593e-05 1.0183e-04
-1.6506e-05 -8.6670e-05 1.0318e-04
-1.6774e-05 -8.7748e-05 1.0452e-04
-1.7043e-05 -8.8826e-05 1.0587e-04
-1.7314e-05 -8.9904e-05 1.0722e-04
-1.7585e-05 -9.0984e-05 1.0857e-04
-1.7858e-05 -9.2065e-05 1.0992e-04
-1.8131e-05 -9.3147e-05 1.1128e-04
-1.8406e-05 -9.4231e-05 1.1264e-04
-1.8682e-05 -9.5316e-05 1.1400e-04
-1.8959e-05 -9.6404e-05 1.1536e-04
-1.9238e-05 -9.7493e-05 1.1673e-04
-1.9517e-05 -9.8585e-05 1.1810e-04
-1.9797e-05 -9.9681e-05 1.1948e-04
-2.0079e-05 -1.0078e-04 1.2086e-04
-2.0361e-05 -1.0188e-04 1.2224e-04
-2.0645e-05 -1.0299e-04 1.2363e-04
-2.0929e-05 -1.0409e-04 1.2502e-04
-2.1214e-05 -1.0521e-04 1.2642e-04
-2.1501e-05 -1.0633e-04 1.2783e-04
-2.1788e-05 -1.0745e-04 1.2924e-04
-2.2076e-05 -1.0858e-04 1.3065e-04
-2.2365e-05 -1.0971e-04 1.3208e-04
-2.2655e-05 -1.1085e-04 1.3350e-04
-2.2946e-05 -1.1199e-04 1.3494e-04
-2.3237e-05 -1.1314e-04 1.3638e-04
-2.3529e-05 -1.1430e-04 1.3783e-04
-2.3822e-05 -1.1546e-04 1.3929e-04
-2.4116e-05 -1.1663e-04 1.4075e-04
-2.4410e-05 -1.1781e-04 1.4222e-04
-2.4704e-05 -1.1899e-04 1.4370e-04
-2.4999e-05 -1.2018e-04 1.4518e-04
-2.5294e-05 -1.2138e-04 1.4668e-04
-2.5590e-05 -1.2259e-04 1.4818e-04
-2.5885e-05 -1.2380e-04 1.4969e-04
-2.6181e-05 -1.2502e-04 1.5120e-04
-2.6477e-05 -1.2625e-04 1.5273e-04
-2.6773e-05 -1.2748e-04 1.5426e-04
-2.7068e-05 -1.2873e-04 1.5580e-04
-2.7363e-05 -1.2998e-04 1.5734e-04
-2.7658e-05 -1.3124e-04 1.5890e-04
-2.7952e-05 -1.3251e-04 1.6046e-04
-2.8245e-05 -1.3379e-04 1.6203e-04
-2.8538e-05 -1.3507e-04 1.6361e-04
-2.8829e-05 -1.3637e-04 1.6519e-04
-2.9120e-05 -1.3767e-04 1.6679e-04
-2.9409e-05 -1.3898e-04 1.6839e-04
-2.9696e-05 -1.4030e-04 1.6999e-04
-2.9983e-05 -1.4162e-04 1.7161e-04
-3.0267e-05 -1.4296e-04 1.7323e-04
-3.0550e-05 -1.4430e-04 1.7485e-04
-3.0830e-05 -1.4566e-04 1.7649e-04
-3.1109e-05 -1.4702e-04 1.7813e-04
-3.1385e-05 -1.4839e-04 1.7977e-04
-3.1659e-05 -1.4977e-04 1.8143e-04
-3.1930e-05 -1.5115e-04 1.8308e-04
-3.2199e-05 -1.5255e-04 1.8475e-04
-3.2464e-05 -1.5395e-04 1.8642e-04
-3.2727e-05 -1.5537e-04 1.8809e-04
-3.2986e-05 -1.5679e-04 1.8977e-04
-3.3242e-05 -1.5822e-04 1.9146e-04
-3.3494e-05 -1.5965e-04 1.9315e-04
-3.3743e-05 -1.6110e-04 1.9484e-04
-3.3987e-05 -1.6256e-04 1.9654e-04
-3.4227e-05 -1.6402e-04 1.9825e-04
-3.4463e-05 -1.6549e-04 1.9995e-04
-3.4694e-05 -1.6697e-04 2.0166e-04
-3.4920e-05 -1.6845e-04 2.0337e-04
-3.5140e-05 -1.6995e-04 2.0509e-04
-3.5353e-05 -1.7146e-04 2.0681e-04
-3.5558e-05 -1.7298e-04 2.0854e-04
-3.5754e-05 -1.7452e-04 2.1027e-04
-3.5939e-05 -1.7607e-04 2.1201e-04
-3.6107e-05 -1.7765e-04 2.1375e-04
-3.6274e-05 -1.7913e-04 2.1540e-04
-3.6380e-05 -1.8072e-04 2.1710e-04
