-1.2028e-17 -5.2963e-15 5.3083e-15
-9.2476e-17 -3.7670e-14 3.7762e-14
-6.3462e-16 -2.3899e-13 2.3962e-13
-4.3086e-15 -1.4970e-12 1.5014e-12
-2.9512e-14 -9.3828e-12 9.4123e-12
-2.0862e-13 -5.8929e-11 5.9138e-11
-1.5853e-12 -3.6972e-10 3.7131e-10
-1.3801e-11 -2.2878e-09 2.3016e-09
-1.4343e-10 -1.3431e-08 1.3575e-08
-1.5101e-09 -6.8418e-08 6.9929e-08
-1.4750e-07 1.3331e-07 1.4183e-08
-2.1527e-07 2.1250e-07 2.7705e-09
-2.7162e-07 2.7083e-07 7.8394e-10
-3.3968e-07 3.3923e-07 4.5196e-10
-4.3027e-07 4.2988e-07 3.8391e-10
-5.4921e-07 5.4887e-07 3.3711e-10
-6.9933e-07 6.9908e-07 2.5315e-10
-8.9280e-07 8.9266e-07 1.3826e-10
-1.1549e-06 1.1549e-06 5.3831e-11
-1.4879e-06 1.4879e-06 1.7308e-11
-1.8761e-06 1.8761e-06 5.2010e-12
-2.3110e-06 2.3110e-06 1.5362e-12
-2.7893e-06 2.7893e-06 4.5285e-13
-3.3095e-06 3.3095e-06 1.3335e-13
-3.8703e-06 3.8703e-06 3.8679e-14
-4.4708e-06 4.4708e-06 1.0369e-14
-5.1100e-06 5.1100e-06 1.7550e-15
-5.7868e-06 5.7868e-06 -9.8172e-16
-6.5006e-06 6.5006e-06 -1.9589e-15
-7.2504e-06 7.2504e-06 -2.4124e-15
-8.0360e-06 8.0360e-06 -2.7159e-15
-8.8548e-06 8.8548e-06 -2.9836e-15
-9.7074e-06 9.7074e-06 -3.2507e-15
-1.0594e-05 1.0594e-05 -3.5281e-15
-1.1513e-05 1.1513e-05 -3.8191e-15
-1.2462e-05 1.2462e-05 -4.1242e-15
-1.3444e-05 1.3444e-05 -4.4426e-15
-1.4455e-05 1.4455e-05 -4.7731e-15
-1.5496e-05 1.5496e-05 -5.1140e-15
-1.6566e-05 1.6566e-05 -5.4637e-15
-1.7665e-05 1.7665e-05 -5.8204e-15
-1.8789e-05 1.8789e-05 -6.1829e-15
-1.9943e-05 1.9943e-05 -6.5494e-15
-2.1122e-05 2.1122e-05 -6.9192e-15
-2.2330e-05 2.2330e-05 -7.2911e-15
-2.3562e-05 2.3562e-05 -7.6647e-15
-2.4816e-05 2.4816e-05 -8.0393e-15
-2.6098e-05 2.6098e-05 -8.4142e-15
-2.7397e-05 2.7397e-05 -8.7895e-15
-2.8724e-05 2.8724e-05 -9.1641e-15
-3.0073e-05 3.0073e-05 -9.5380e-15
-3.1443e-05 3.1443e-05 -9.9109e-15
-3.2836e-05 3.2836e-05 -1.0283e-14
-3.4248e-05 3.4248e-05 -1.0653e-14
-3.5689e-05 3.5689e-05 -1.1021e-14
-3.7135e-05 3.7135e-05 -1.1389e-14
-3.8603e-05 3.8603e-05 -1.1754e-14
-4.0092e-05 4.0092e-05 -1.2118e-14
-4.1598e-05 4.1598e-05 -1.2479e-14
