-1.2028e-17 -5.2963e-15 5.3083e-15
-9.2476e-17 -3.7670e-14 3.7762e-14
-6.3462e-16 -2.3899e-13 2.3962e-13
-4.3086e-15 -1.4970e-12 1.5014e-12
-2.9512e-14 -9.3828e-12 9.4123e-12
-2.0862e-13 -5.8929e-11 5.9138e-11
-1.5853e-12 -3.6972e-10 3.7131e-10
-1.3801e-11 -2.2878e-09 2.3016e-09
-1.4343e-10 -1.3431e-08 1.3575e-08
-1.5101e-09 -6.8418e-08 6.9929e-08
-1.1882e-08 -2.7747e-07 2.8936e-07
-6.1547e-08 -8.9365e-07 9.5520e-07
-2.0896e-07 -2.2858e-06 2.4948e-06
-4.8842e-07 -4.5847e-06 5.0731e-06
-8.6020e-07 -7.4130e-06 8.2732e-06
-1.2527e-06 -1.0243e-05 1.1496e-05
-6.8975e-06 -2.1508e-06 9.0483e-06
-1.2357e-05 5.9564e-06 6.4003e-06
-1.4400e-05 1.0348e-05 4.0518e-06
-1.3732e-05 1.1307e-05 2.4251e-06
-1.2183e-05 1.0746e-05 1.4365e-06
-1.0585e-05 9.7111e-06 8.7432e-07
-9.1431e-06 8.5905e-06 5.5262e-07
-7.7724e-06 7.4251e-06 3.4727e-07
-6.3800e-06 6.1794e-06 2.0060e-07
-5.0097e-06 4.9108e-06 9.8877e-08
-3.8732e-06 3.8331e-06 4.0131e-08
-3.2455e-06 3.2315e-06 1.4034e-08
-3.1796e-06 3.1749e-06 4.6353e-09
-3.4828e-06 3.4813e-06 1.5173e-09
-3.9742e-06 3.9737e-06 4.9477e-10
-4.5573e-06 4.5571e-06 1.6017e-10
-5.1947e-06 5.1946e-06 5.1442e-11
-5.8741e-06 5.8741e-06 1.6430e-11
-6.5916e-06 6.5916e-06 5.2323e-12
-7.3455e-06 7.3455e-06 1.6647e-12
-8.1355e-06 8.1355e-06 5.2961e-13
-8.9586e-06 8.9586e-06 1.6804e-13
-9.8161e-06 9.8161e-06 5.2610e-14
-1.0707e-05 1.0707e-05 1.5552e-14
-1.1629e-05 1.1629e-05 3.5204e-15
-1.2584e-05 1.2584e-05 -4.9935e-16
-1.3569e-05 1.3569e-05 -1.9493e-15
-1.4585e-05 1.4585e-05 -2.5777e-15
-1.5630e-05 1.5630e-05 -2.9487e-15
-1.6705e-05 1.6705e-05 -3.2452e-15
-1.7808e-05 1.7808e-05 -3.5271e-15
-1.8938e-05 1.8938e-05 -3.8136e-15
-2.0096e-05 2.0096e-05 -4.1107e-15
-2.1279e-05 2.1279e-05 -4.4196e-15
-2.2492e-05 2.2492e-05 -4.7394e-15
-2.3729e-05 2.3729e-05 -5.0693e-15
-2.4990e-05 2.4990e-05 -5.4074e-15
-2.6272e-05 2.6272e-05 -5.7527e-15
-2.7581e-05 2.7581e-05 -6.1034e-15
-2.8914e-05 2.8914e-05 -6.4576e-15
-3.0267e-05 3.0267e-05 -6.8156e-15
-3.1644e-05 3.1644e-05 -7.1756e-15
-3.3042e-05 3.3042e-05 -7.5370e-15
-3.4461e-05 3.4461e-05 -7.8994e-15
-3.5907e-05 3.5907e-05 -8.2615e-15
-3.7367e-05 3.7367e-05 -8.6239e-15
-3.8838e-05 3.8838e-05 -8.9863e-15
