1.8048e-08 -1.8048e-08 2.7932e-15
5.9231e-08 -5.9231e-08 3.5757e-15
1.5131e-07 -1.5131e-07 4.0689e-15
3.2972e-07 -3.2972e-07 4.5513e-15
6.2632e-07 -6.2632e-07 5.0679e-15
1.0612e-06 -1.0612e-06 5.6258e-15
1.6427e-06 -1.6427e-06 6.2263e-15
2.3722e-06 -2.3722e-06 6.8700e-15
3.2471e-06 -3.2471e-06 7.5578e-15
4.2638e-06 -4.2638e-06 8.2913e-15
5.4183e-06 -5.4183e-06 9.0735e-15
6.7057e-06 -6.7057e-06 9.9060e-15
8.1235e-06 -8.1235e-06 1.0789e-14
9.6670e-06 -9.6670e-06 1.1722e-14
1.1333e-05 -1.1333e-05 1.2702e-14
1.3118e-05 -1.3118e-05 1.3725e-14
1.5021e-05 -1.5021e-05 1.4786e-14
1.7037e-05 -1.7037e-05 1.5879e-14
1.9164e-05 -1.9164e-05 1.6997e-14
2.1399e-05 -2.1399e-05 1.8136e-14
2.3740e-05 -2.3740e-05 1.9291e-14
2.6184e-05 -2.6184e-05 2.0457e-14
2.8730e-05 -2.8730e-05 2.1632e-14
3.1376e-05 -3.1376e-05 2.2813e-14
3.4117e-05 -3.4117e-05 2.3998e-14
3.6953e-05 -3.6953e-05 2.5184e-14
3.9883e-05 -3.9883e-05 2.6371e-14
4.2903e-05 -4.2903e-05 2.7558e-14
4.6012e-05 -4.6012e-05 2.8743e-14
4.9208e-05 -4.9208e-05 2.9925e-14
5.2491e-05 -5.2491e-05 3.1105e-14
5.5856e-05 -5.5856e-05 3.2281e-14
5.9298e-05 -5.9298e-05 3.3454e-14
6.2823e-05 -6.2823e-05 3.4621e-14
6.6423e-05 -6.6423e-05 3.5784e-14
7.0101e-05 -7.0101e-05 3.6942e-14
7.3854e-05 -7.3854e-05 3.8095e-14
7.7676e-05 -7.7676e-05 3.9242e-14
8.1571e-05 -8.1571e-05 4.0383e-14
8.5530e-05 -8.5530e-05 4.1518e-14
8.5644e-05 -8.5644e-05 4.0118e-14
8.5740e-05 -8.5740e-05 3.8718e-14
8.5845e-05 -8.5845e-05 3.7317e-14
8.5944e-05 -8.5944e-05 3.5917e-14
8.6043e-05 -8.6043e-05 3.4518e-14
8.6139e-05 -8.6139e-05 3.3120e-14
8.6238e-05 -8.6238e-05 3.1723e-14
8.6333e-05 -8.6333e-05 3.0328e-14
8.6429e-05 -8.6429e-05 2.8937e-14
8.6523e-05 -8.6523e-05 2.7550e-14
8.6612e-05 -8.6612e-05 2.6170e-14
8.6709e-05 -8.6709e-05 2.4795e-14
8.6803e-05 -8.6803e-05 2.3429e-14
8.6904e-05 -8.6904e-05 2.2072e-14
8.6997e-05 -8.6997e-05 2.0730e-14
8.7092e-05 -8.7092e-05 1.9406e-14
8.7185e-05 -8.7185e-05 1.8104e-14
8.7272e-05 -8.7272e-05 1.6831e-14
8.7368e-05 -8.7368e-05 1.5590e-14
8.7469e-05 -8.7469e-05 1.4389e-14
8.7567e-05 -8.7567e-05 1.3237e-14
8.7664e-05 -8.7664e-05 1.2141e-14
8.7762e-05 -8.7762e-05 1.1099e-14
8.7862e-05 -8.7862e-05 1.0088e-14
8.7962e-05 -8.7962e-05 8.9916e-15
8.8057e-05 -8.8057e-05 7.2648e-15
8.8163e-05 -8.8163e-05 2.4673e-15
8.8272e-05 -8.8272e-05 -1.6164e-14
8.8378e-05 -8.8378e-05 -9.5502e-14
8.8481e-05 -8.8481e-05 -4.3480e-13
8.8587e-05 -8.8587e-05 -1.8492e-12
8.8695e-05 -8.8695e-05 -7.6145e-12
8.8819e-05 -8.8819e-05 -3.0359e-11
8.8934e-05 -8.8933e-05 -1.1542e-10
8.9057e-05 -8.9056e-05 -4.1268e-10
8.9203e-05 -8.9201e-05 -1.3552e-09
8.9385e-05 -8.9381e-05 -3.9922e-09
8.9632e-05 -8.9621e-05 -1.0289e-08
9.0040e-05 -9.0017e-05 -2.3254e-08
9.0650e-05 -9.0603e-05 -4.6851e-08
9.1512e-05 -9.1426e-05 -8.6489e-08
9.2692e-05 -9.2542e-05 -1.4999e-07
9.4292e-05 -9.4043e-05 -2.4848e-07
9.6329e-05 -9.5931e-05 -3.9730e-07
9.8861e-05 -9.8247e-05 -6.1380e-07
1.0189e-04 -1.0097e-04 -9.1499e-07
1.0536e-04 -1.0405e-04 -1.3152e-06
1.0920e-04 -1.0738e-04 -1.8201e-06
1.1329e-04 -1.1086e-04 -2.4307e-06
1.1755e-04 -1.1441e-04 -3.1419e-06
1.2184e-04 -1.1790e-04 -3.9417e-06
1.2611e-04 -1.2129e-04 -4.8205e-06
1.3031e-04 -1.2454e-04 -5.7683e-06
1.3439e-04 -1.2762e-04 -6.7711e-06
1.3838e-04 -1.3055e-04 -7.8284e-06
1.4225e-04 -1.3332e-04 -8.9307e-06
1.4600e-04 -1.3593e-04 -1.0073e-05
1.4965e-04 -1.3840e-04 -1.1250e-05
1.5320e-04 -1.4073e-04 -1.2467e-05
1.5664e-04 -1.4293e-04 -1.3710e-05
1.6000e-04 -1.4501e-04 -1.4987e-05
1.6328e-04 -1.4698e-04 -1.6299e-05
1.6649e-04 -1.4885e-04 -1.7648e-05
1.6961e-04 -1.5060e-04 -1.9011e-05
1.7269e-04 -1.5226e-04 -2.0425e-05
1.7568e-04 -1.5383e-04 -2.1853e-05
1.7862e-04 -1.5530e-04 -2.3321e-05
1.8150e-04 -1.5669e-04 -2.4812e-05
1.8434e-04 -1.5800e-04 -2.6341e-05
1.8711e-04 -1.5922e-04 -2.7888e-05
1.8984e-04 -1.6037e-04 -2.9469e-05
1.9255e-04 -1.6145e-04 -3.1101e-05
1.9519e-04 -1.6244e-04 -3.2748e-05
1.9779e-04 -1.6337e-04 -3.4422e-05
2.0036e-04 -1.6422e-04 -3.6131e-05
2.0289e-04 -1.6502e-04 -3.7870e-05
2.0539e-04 -1.6575e-04 -3.9647e-05
2.0784e-04 -1.6640e-04 -4.1435e-05
2.1027e-04 -1.6700e-04 -4.3273e-05
2.1265e-04 -1.6755e-04 -4.5108e-05
2.1502e-04 -1.6804e-04 -4.6980e-05
2.1738e-04 -1.6844e-04 -4.8946e-05
2.1967e-04 -1.6881e-04 -5.0858e-05
2.2196e-04 -1.6911e-04 -5.2854e-05
2.2423e-04 -1.6936e-04 -5.4867e-05
2.2648e-04 -1.6956e-04 -5.6919e-05
2.2868e-04 -1.6970e-04 -5.8979e-05
2.3087e-04 -1.6980e-04 -6.1071e-05
2.3302e-04 -1.6984e-04 -6.3179e-05
2.3517e-04 -1.6984e-04 -6.5334e-05
2.3728e-04 -1.6977e-04 -6.7505e-05
2.3937e-04 -1.6967e-04 -6.9705e-05
2.4143e-04 -1.6951e-04 -7.1920e-05
2.4349e-04 -1.6932e-04 -7.4178e-05
2.4552e-04 -1.6907e-04 -7.6455e-05
2.4753e-04 -1.6878e-04 -7.8756e-05
2.4949e-04 -1.6846e-04 -8.1026e-05
2.5149e-04 -1.6806e-04 -8.3432e-05
2.5341e-04 -1.6766e-04 -8.5744e-05
2.5538e-04 -1.6717e-04 -8.8211e-05
2.5726e-04 -1.6666e-04 -9.0603e-05
2.5914e-04 -1.6615e-04 -9.2987e-05
2.6101e-04 -1.6562e-04 -9.5388e-05
2.6289e-04 -1.6485e-04 -9.8035e-05
2.6470e-04 -1.6422e-04 -1.0048e-04
2.6654e-04 -1.6345e-04 -1.0309e-04
2.6834e-04 -1.6268e-04 -1.0565e-04
2.7012e-04 -1.6188e-04 -1.0824e-04
2.7187e-04 -1.6104e-04 -1.1084e-04
2.7366e-04 -1.6052e-04 -1.1314e-04
2.7531e-04 -1.5938e-04 -1.1593e-04
2.7702e-04 -1.5830e-04 -1.1873e-04
2.7873e-04 -1.5725e-04 -1.2149e-04
2.8041e-04 -1.5619e-04 -1.2422e-04
2.8204e-04 -1.5514e-04 -1.2690e-04
2.8370e-04 -1.5398e-04 -1.2972e-04
2.8530e-04 -1.5282e-04 -1.3248e-04
2.8691e-04 -1.5161e-04 -1.3530e-04
2.8849e-04 -1.5037e-04 -1.3812e-04
2.9002e-04 -1.4912e-04 -1.4089e-04
