1.8048e-08 -1.8048e-08 2.7932e-15
5.9231e-08 -5.9231e-08 3.5757e-15
1.5131e-07 -1.5131e-07 4.0689e-15
3.2972e-07 -3.2972e-07 4.5513e-15
6.2632e-07 -6.2632e-07 5.0679e-15
1.0612e-06 -1.0612e-06 5.6258e-15
1.6427e-06 -1.6427e-06 6.2263e-15
2.3722e-06 -2.3722e-06 6.8700e-15
3.2471e-06 -3.2471e-06 7.5578e-15
4.2638e-06 -4.2638e-06 8.2913e-15
5.4183e-06 -5.4183e-06 9.0735e-15
6.7057e-06 -6.7057e-06 9.9060e-15
8.1235e-06 -8.1235e-06 1.0789e-14
9.6670e-06 -9.6670e-06 1.1722e-14
1.1333e-05 -1.1333e-05 1.2702e-14
1.3118e-05 -1.3118e-05 1.3725e-14
1.5021e-05 -1.5021e-05 1.4786e-14
1.7037e-05 -1.7037e-05 1.5879e-14
1.9164e-05 -1.9164e-05 1.6997e-14
2.1399e-05 -2.1399e-05 1.8136e-14
2.1442e-05 -2.1442e-05 1.6850e-14
2.1485e-05 -2.1485e-05 1.5598e-14
2.1527e-05 -2.1527e-05 1.4387e-14
2.1570e-05 -2.1570e-05 1.3225e-14
2.1613e-05 -2.1613e-05 1.2119e-14
2.1657e-05 -2.1657e-05 1.1076e-14
2.1701e-05 -2.1701e-05 1.0097e-14
2.1745e-05 -2.1745e-05 9.1828e-15
2.1791e-05 -2.1791e-05 8.3280e-15
2.1836e-05 -2.1836e-05 7.5111e-15
2.1881e-05 -2.1881e-05 6.6324e-15
2.1928e-05 -2.1928e-05 5.1992e-15
2.1975e-05 -2.1975e-05 7.5815e-16
2.2024e-05 -2.2024e-05 -1.8778e-14
2.2073e-05 -2.2073e-05 -1.1183e-13
2.2123e-05 -2.2123e-05 -5.5472e-13
2.2174e-05 -2.2174e-05 -2.6193e-12
2.2228e-05 -2.2228e-05 -1.1940e-11
2.2290e-05 -2.2290e-05 -5.2363e-11
2.2378e-05 -2.2378e-05 -2.1828e-10
2.2556e-05 -2.2555e-05 -8.5042e-10
2.3014e-05 -2.3011e-05 -3.0313e-09
2.4142e-05 -2.4132e-05 -9.6703e-09
2.6512e-05 -2.6485e-05 -2.7137e-08
3.0542e-05 -3.0475e-05 -6.6770e-08
3.6103e-05 -3.5957e-05 -1.4657e-07
4.2695e-05 -4.2398e-05 -2.9634e-07
4.9892e-05 -4.9331e-05 -5.6088e-07
5.7354e-05 -5.6368e-05 -9.8566e-07
6.4800e-05 -6.3206e-05 -1.5947e-06
7.2011e-05 -6.9628e-05 -2.3825e-06
7.8844e-05 -7.5522e-05 -3.3223e-06
8.5251e-05 -8.0868e-05 -4.3831e-06
9.1197e-05 -8.5666e-05 -5.5308e-06
9.6760e-05 -9.0008e-05 -6.7514e-06
1.0196e-04 -9.3935e-05 -8.0269e-06
1.0686e-04 -9.7510e-05 -9.3481e-06
1.1149e-04 -1.0078e-04 -1.0708e-05
1.1588e-04 -1.0377e-04 -1.2101e-05
1.2006e-04 -1.0654e-04 -1.3525e-05
1.2406e-04 -1.0908e-04 -1.4979e-05
1.2790e-04 -1.1144e-04 -1.6459e-05
1.3158e-04 -1.1362e-04 -1.7967e-05
1.3512e-04 -1.1561e-04 -1.9508e-05
1.3854e-04 -1.1745e-04 -2.1096e-05
1.4190e-04 -1.1923e-04 -2.2670e-05
1.4513e-04 -1.2084e-04 -2.4292e-05
1.4829e-04 -1.2235e-04 -2.5939e-05
1.5137e-04 -1.2376e-04 -2.7610e-05
1.5437e-04 -1.2506e-04 -2.9310e-05
1.5731e-04 -1.2627e-04 -3.1034e-05
1.6018e-04 -1.2739e-04 -3.2785e-05
1.6299e-04 -1.2843e-04 -3.4560e-05
1.6576e-04 -1.2939e-04 -3.6362e-05
1.6847e-04 -1.3028e-04 -3.8189e-05
1.7113e-04 -1.3109e-04 -4.0040e-05
1.7375e-04 -1.3183e-04 -4.1919e-05
1.7632e-04 -1.3250e-04 -4.3824e-05
1.7886e-04 -1.3310e-04 -4.5754e-05
1.8135e-04 -1.3364e-04 -4.7710e-05
1.8380e-04 -1.3410e-04 -4.9703e-05
1.8622e-04 -1.3449e-04 -5.1723e-05
1.8860e-04 -1.3484e-04 -5.3764e-05
1.9094e-04 -1.3511e-04 -5.5835e-05
1.9326e-04 -1.3534e-04 -5.7927e-05
1.9554e-04 -1.3550e-04 -6.0050e-05
1.9780e-04 -1.3561e-04 -6.2191e-05
2.0003e-04 -1.3566e-04 -6.4364e-05
2.0223e-04 -1.3567e-04 -6.6554e-05
2.0439e-04 -1.3562e-04 -6.8776e-05
2.0654e-04 -1.3551e-04 -7.1023e-05
2.0866e-04 -1.3537e-04 -7.3286e-05
2.1075e-04 -1.3517e-04 -7.5580e-05
2.1281e-04 -1.3492e-04 -7.7889e-05
2.1485e-04 -1.3462e-04 -8.0230e-05
2.1687e-04 -1.3429e-04 -8.2586e-05
2.1887e-04 -1.3389e-04 -8.4972e-05
2.2084e-04 -1.3346e-04 -8.7372e-05
2.2278e-04 -1.3298e-04 -8.9804e-05
2.2471e-04 -1.3246e-04 -9.2248e-05
2.2661e-04 -1.3190e-04 -9.4714e-05
2.2849e-04 -1.3127e-04 -9.7211e-05
2.3034e-04 -1.3062e-04 -9.9720e-05
2.3215e-04 -1.2966e-04 -1.0249e-04
2.3395e-04 -1.2899e-04 -1.0496e-04
2.3575e-04 -1.2828e-04 -1.0747e-04
2.3754e-04 -1.2753e-04 -1.1001e-04
2.3929e-04 -1.2669e-04 -1.1260e-04
2.4101e-04 -1.2577e-04 -1.1524e-04
2.4271e-04 -1.2480e-04 -1.1790e-04
2.4439e-04 -1.2381e-04 -1.2057e-04
2.4604e-04 -1.2277e-04 -1.2328e-04
2.4768e-04 -1.2169e-04 -1.2599e-04
2.4930e-04 -1.2058e-04 -1.2872e-04
2.5089e-04 -1.1941e-04 -1.3148e-04
2.5246e-04 -1.1821e-04 -1.3425e-04
2.5401e-04 -1.1696e-04 -1.3705e-04
2.5554e-04 -1.1569e-04 -1.3985e-04
2.5704e-04 -1.1435e-04 -1.4269e-04
2.5853e-04 -1.1300e-04 -1.4553e-04
