1.8048e-08 -1.8048e-08 2.7932e-15
5.9231e-08 -5.9231e-08 3.5757e-15
1.5131e-07 -1.5131e-07 4.0689e-15
3.2972e-07 -3.2972e-07 4.5513e-15
6.2632e-07 -6.2632e-07 5.0679e-15
1.0612e-06 -1.0612e-06 5.6258e-15
1.6427e-06 -1.6427e-06 6.2263e-15
2.3722e-06 -2.3722e-06 6.8700e-15
3.2471e-06 -3.2471e-06 7.5578e-15
4.2638e-06 -4.2638e-06 8.2913e-15
5.4183e-06 -5.4183e-06 9.0735e-15
6.7057e-06 -6.7057e-06 9.9060e-15
8.1235e-06 -8.1235e-06 1.0789e-14
9.6670e-06 -9.6670e-06 1.1722e-14
1.1333e-05 -1.1333e-05 1.2702e-14
1.3118e-05 -1.3118e-05 1.3725e-14
1.5021e-05 -1.5021e-05 1.4786e-14
1.7037e-05 -1.7037e-05 1.5879e-14
1.9164e-05 -1.9164e-05 1.6997e-14
2.1399e-05 -2.1399e-05 1.8136e-14
2.3740e-05 -2.3740e-05 1.9291e-14
2.6184e-05 -2.6184e-05 2.0457e-14
2.8730e-05 -2.8730e-05 2.1632e-14
3.1376e-05 -3.1376e-05 2.2813e-14
3.4117e-05 -3.4117e-05 2.3998e-14
3.6953e-05 -3.6953e-05 2.5184e-14
3.9883e-05 -3.9883e-05 2.6371e-14
4.2903e-05 -4.2903e-05 2.7558e-14
4.6012e-05 -4.6012e-05 2.8743e-14
4.9208e-05 -4.9208e-05 2.9925e-14
5.2491e-05 -5.2491e-05 3.1105e-14
5.5856e-05 -5.5856e-05 3.2281e-14
5.9298e-05 -5.9298e-05 3.3454e-14
6.2823e-05 -6.2823e-05 3.4621e-14
6.6423e-05 -6.6423e-05 3.5784e-14
7.0101e-05 -7.0101e-05 3.6942e-14
7.3854e-05 -7.3854e-05 3.8095e-14
7.7676e-05 -7.7676e-05 3.9242e-14
8.1571e-05 -8.1571e-05 4.0383e-14
8.5530e-05 -8.5530e-05 4.1518e-14
8.9666e-05 -8.9666e-05 4.1248e-14
9.3867e-05 -9.3867e-05 4.0973e-14
9.8145e-05 -9.8145e-05 4.0694e-14
1.0249e-04 -1.0249e-04 4.0410e-14
1.0690e-04 -1.0690e-04 4.0121e-14
1.1138e-04 -1.1138e-04 3.9827e-14
1.1591e-04 -1.1591e-04 3.9529e-14
1.2051e-04 -1.2051e-04 3.9225e-14
1.2517e-04 -1.2517e-04 3.8917e-14
