4.876559e-18
5.573977e-18
5.631231e-18
5.686282e-18
5.679412e-18
5.662008e-18
5.783773e-18
5.733457e-18
5.656972e-18
5.717997e-18
5.732438e-18
5.639698e-18
5.758574e-18
5.714377e-18
5.698884e-18
5.714078e-18
5.726053e-18
5.810972e-18
5.691688e-18
5.756434e-18
5.746200e-18
5.852152e-18
5.768495e-18
5.707096e-18
5.674936e-18
5.765996e-18
5.857704e-18
5.804867e-18
5.820829e-18
5.741074e-18
5.740943e-18
5.827131e-18
5.809042e-18
5.794215e-18
5.809855e-18
5.695203e-18
5.758649e-18
5.801562e-18
5.787162e-18
5.793070e-18
5.838713e-18
5.765201e-18
5.764198e-18
5.843859e-18
5.775023e-18
5.728881e-18
5.809941e-18
5.868669e-18
5.897741e-18
5.815584e-18
5.860677e-18
5.810871e-18
5.775023e-18
5.739106e-18
5.721772e-18
5.715973e-18
5.740327e-18
5.851905e-18
5.764938e-18
5.791754e-18
5.801001e-18
5.794277e-18
5.751710e-18
5.751384e-18
5.786018e-18
5.832184e-18
5.781119e-18
5.803545e-18
5.867606e-18
5.838424e-18
5.912581e-18
5.906080e-18
5.851535e-18
5.799958e-18
5.823923e-18
5.879399e-18
5.711542e-18
5.844934e-18
5.848299e-18
5.927067e-18
5.788263e-18
5.837653e-18
5.939884e-18
5.826622e-18
5.901552e-18
5.810272e-18
5.864693e-18
5.819042e-18
5.880574e-18
5.807843e-18
5.838035e-18
5.913823e-18
5.763223e-18
5.843239e-18
5.840613e-18
5.845997e-18
5.771496e-18
5.844971e-18
5.906813e-18
5.871883e-18
5.906935e-18
5.881008e-18
5.856617e-18
5.964085e-18
5.889673e-18
5.863613e-18
5.848544e-18
5.919605e-18
5.902706e-18
5.897405e-18
5.905657e-18
5.824889e-18
5.951313e-18
5.867049e-18
5.882565e-18
5.874206e-18
5.955277e-18
5.867380e-18
5.822450e-18
5.945808e-18
5.958133e-18
5.898323e-18
5.884010e-18
5.932338e-18
5.957142e-18
5.986299e-18
5.934669e-18
5.938662e-18
5.973860e-18
5.967268e-18
5.942789e-18
5.903309e-18
6.008147e-18
5.942732e-18
5.994365e-18
6.055477e-18
5.920990e-18
5.853531e-18
6.044529e-18
6.002468e-18
6.002505e-18
5.960464e-18
6.027491e-18
6.018121e-18
6.020761e-18
6.014518e-18
5.971708e-18
5.981187e-18
5.973420e-18
6.030407e-18
5.943482e-18
5.994274e-18
5.972290e-18
5.972731e-18
5.979223e-18
5.927584e-18
5.975596e-18
5.995020e-18
5.982269e-18
5.993674e-18
6.003346e-18
6.090559e-18
6.024023e-18
6.008722e-18
6.078782e-18
6.008200e-18
6.005675e-18
6.016478e-18
6.082105e-18
6.123888e-18
6.115137e-18
6.092605e-18
6.101601e-18
6.129501e-18
6.062485e-18
6.057056e-18
6.044800e-18
5.998736e-18
6.025601e-18
6.099345e-18
6.126272e-18
6.102409e-18
6.063452e-18
6.054167e-18
6.068625e-18
6.017971e-18
6.095458e-18
6.135294e-18
6.044969e-18
6.045360e-18
6.143452e-18
6.078026e-18
6.072201e-18
6.118673e-18
6.101058e-18
6.030828e-18
6.011389e-18
6.072124e-18
6.025898e-18
6.050779e-18
6.015291e-18
6.007393e-18
6.041602e-18
6.021851e-18
6.006843e-18
5.998182e-18
6.089017e-18
6.072379e-18
5.996654e-18
5.952205e-18
6.023818e-18
5.980172e-18
6.009426e-18
6.003561e-18
6.041469e-18
6.155801e-18
6.153880e-18
6.026637e-18
6.042181e-18
6.068780e-18
6.125245e-18
6.007104e-18
6.099234e-18
6.167524e-18
6.071238e-18
6.053524e-18
6.050198e-18
6.061772e-18
6.140798e-18
6.112896e-18
6.085186e-18
6.166874e-18
6.129554e-18
6.102264e-18
6.157840e-18
6.169101e-18
6.206031e-18
6.154651e-18
6.092571e-18
6.077950e-18
6.160007e-18
6.132895e-18
6.122001e-18
6.165265e-18
6.156846e-18
6.153881e-18
6.130733e-18
6.088973e-18
6.192505e-18
6.125540e-18
6.163493e-18
6.292265e-18
6.145214e-18
6.138458e-18
6.151193e-18
6.208415e-18
6.149553e-18
6.206858e-18
6.200793e-18
6.193617e-18
6.148738e-18
6.133478e-18
6.175013e-18
6.269336e-18
6.249053e-18
6.156621e-18
6.147709e-18
6.254648e-18
6.253231e-18
6.205461e-18
6.161969e-18
6.343631e-18
6.315679e-18
6.274253e-18
6.213136e-18
6.184913e-18
6.295743e-18
6.244866e-18
6.283888e-18
6.210197e-18
6.165171e-18
6.202225e-18
6.147042e-18
6.268340e-18
6.266511e-18
6.273767e-18
6.300842e-18
6.249875e-18
6.256859e-18
6.159556e-18
6.186629e-18
6.256976e-18
6.225118e-18
6.352370e-18
6.198196e-18
6.324737e-18
6.255728e-18
6.300517e-18
6.172859e-18
6.395640e-18
6.260279e-18
6.170301e-18
6.348216e-18
6.288920e-18
6.206688e-18
6.332778e-18
6.187657e-18
6.136590e-18
6.299962e-18
6.039660e-18
6.295775e-18
6.345437e-18
6.321562e-18
6.472134e-18
6.336591e-18
6.395394e-18
6.368161e-18
6.267003e-18
6.365381e-18
6.268773e-18
6.282810e-18
6.316840e-18
6.299727e-18
6.386528e-18
6.303528e-18
6.274292e-18
6.437121e-18
6.459626e-18
6.272786e-18
6.352797e-18
6.252301e-18
6.254721e-18
6.323334e-18
6.285362e-18
6.393884e-18
6.337403e-18
6.246754e-18
6.473003e-18
6.211730e-18
6.283121e-18
6.329408e-18
6.436532e-18
6.397909e-18
6.272273e-18
6.446582e-18
6.379813e-18
6.359461e-18
6.349667e-18
6.461529e-18
6.379608e-18
