-3.326640e-17
-2.638196e-16
-1.857390e-15
-1.287445e-14
-8.903581e-14
-6.155426e-13
-4.255173e-12
-2.941372e-11
-2.033025e-10
-1.404967e-09
-9.706259e-09
-6.700149e-08
-4.611031e-07
-3.125413e-06
-1.960388e-05
-9.459218e-05
-3.015551e-04
-6.818892e-04
-1.232386e-03
-1.925135e-03
-2.724945e-03
-3.601264e-03
-4.532952e-03
-5.507532e-03
-6.518253e-03
-7.561093e-03
-8.633768e-03
-9.733484e-03
-1.085844e-02
-1.200594e-02
-1.317416e-02
-1.436125e-02
-1.556520e-02
-1.678524e-02
-1.801974e-02
-1.926720e-02
-2.052738e-02
-2.179866e-02
-2.308063e-02
-2.437304e-02
-2.567447e-02
-2.698475e-02
-2.830288e-02
-2.962881e-02
-3.096008e-02
-3.228898e-02
