-3.330926e-17
-2.638403e-16
-1.857415e-15
-1.287434e-14
-8.903584e-14
-6.155426e-13
-4.255173e-12
-2.941372e-11
-2.033025e-10
-1.404967e-09
-9.706259e-09
-6.700149e-08
-4.611031e-07
-3.125413e-06
-1.960388e-05
-9.459218e-05
-3.015551e-04
-6.818892e-04
-1.232386e-03
-1.925135e-03
-2.724945e-03
-3.601264e-03
-4.532952e-03
-5.507532e-03
-6.518253e-03
-7.561093e-03
-8.633768e-03
-9.733484e-03
-1.085844e-02
-1.200594e-02
-1.317416e-02
-1.436125e-02
-1.556520e-02
-1.678524e-02
-1.801974e-02
-1.926720e-02
-2.052738e-02
-2.179866e-02
-2.308063e-02
-2.437304e-02
-2.567449e-02
-2.698481e-02
-2.830310e-02
-2.962978e-02
-3.096406e-02
-3.230557e-02
-3.365356e-02
-3.500856e-02
-3.636951e-02
-3.773694e-02
-3.910985e-02
-4.048879e-02
-4.187282e-02
-4.326207e-02
-4.465640e-02
-4.605566e-02
-4.746009e-02
-4.886847e-02
-5.028193e-02
-5.169918e-02
-5.312121e-02
-5.454684e-02
-5.597663e-02
-5.741040e-02
-5.884797e-02
-6.028923e-02
-6.173409e-02
-6.318216e-02
-6.463379e-02
-6.608885e-02
-6.754718e-02
-6.900842e-02
-7.047285e-02
-7.194041e-02
-7.341068e-02
-7.488392e-02
-7.636008e-02
-7.783877e-02
-7.932022e-02
-8.080440e-02
-8.229092e-02
-8.378004e-02
-8.527171e-02
-8.676555e-02
-8.826183e-02
-8.976052e-02
-9.126119e-02
-9.276420e-02
-9.426946e-02
-9.577652e-02
-9.728585e-02
-9.879730e-02
-1.003104e-01
-1.018256e-01
-1.033429e-01
-1.048616e-01
-1.063825e-01
-1.079052e-01
-1.094292e-01
-1.109554e-01
-1.124834e-01
-1.140123e-01
-1.155435e-01
-1.170764e-01
-1.186100e-01
-1.201460e-01
-1.216835e-01
-1.232216e-01
-1.247620e-01
-1.263040e-01
-1.278475e-01
-1.293912e-01
-1.309373e-01
-1.324849e-01
-1.340324e-01
-1.355826e-01
-1.371341e-01
-1.386853e-01
-1.402392e-01
-1.417945e-01
-1.433510e-01
-1.449069e-01
-1.464657e-01
-1.480258e-01
-1.495849e-01
-1.511471e-01
-1.527105e-01
-1.542751e-01
-1.558383e-01
-1.574049e-01
-1.589727e-01
-1.605387e-01
-1.621113e-01
-1.636795e-01
-1.652512e-01
-1.668208e-01
-1.683943e-01
-1.699691e-01
-1.715449e-01
-1.731217e-01
-1.746955e-01
-1.762737e-01
-1.778532e-01
-1.794337e-01
-1.810105e-01
-1.825922e-01
-1.841751e-01
-1.857590e-01
-1.873438e-01
-1.889242e-01
-1.905153e-01
-1.920978e-01
-1.936853e-01
-1.952741e-01
-1.968578e-01
-1.984535e-01
-2.000393e-01
-2.016305e-01
-2.032231e-01
-2.048165e-01
-2.064039e-01
-2.079978e-01
-2.095932e-01
-2.111895e-01
-2.127864e-01
-2.143841e-01
-2.159748e-01
-2.175727e-01
-2.191722e-01
-2.207725e-01
-2.223736e-01
-2.239753e-01
-2.255689e-01
-2.271793e-01
-2.287752e-01
-2.303782e-01
-2.319828e-01
-2.335882e-01
-2.351844e-01
-2.367993e-01
-2.383979e-01
-2.400042e-01
-2.416123e-01
-2.432212e-01
-2.448307e-01
-2.464409e-01
-2.480403e-01
-2.496608e-01
-2.512628e-01
-2.528732e-01
-2.544856e-01
-2.560989e-01
-2.577128e-01
-2.593272e-01
-2.609422e-01
-2.625577e-01
-2.641737e-01
-2.657903e-01
-2.674073e-01
-2.690249e-01
-2.706429e-01
-2.722615e-01
-2.738806e-01
-2.755001e-01
-2.771201e-01
-2.787406e-01
-2.803616e-01
-2.819691e-01
-2.836018e-01
-2.852124e-01
-2.868467e-01
-2.884582e-01
-2.900791e-01
-2.917024e-01
-2.933266e-01
-2.949514e-01
-2.965767e-01
-2.982023e-01
-2.998284e-01
-3.014549e-01
-3.030818e-01
-3.047090e-01
-3.063367e-01
-3.079648e-01
-3.095933e-01
-3.112221e-01
-3.128513e-01
-3.144810e-01
-3.160945e-01
-3.177371e-01
-3.193542e-01
-3.209986e-01
-3.226166e-01
-3.242448e-01
-3.258759e-01
-3.275080e-01
-3.291407e-01
-3.307738e-01
-3.324073e-01
-3.340411e-01
-3.356753e-01
-3.373097e-01
-3.389445e-01
-3.405796e-01
-3.422150e-01
-3.438507e-01
-3.454867e-01
-3.471231e-01
-3.487597e-01
-3.503776e-01
-3.520284e-01
-3.536505e-01
-3.553033e-01
-3.569264e-01
-3.585602e-01
-3.601974e-01
-3.618359e-01
-3.634750e-01
-3.651146e-01
-3.667544e-01
-3.683945e-01
-3.700349e-01
-3.716755e-01
-3.733164e-01
-3.749575e-01
-3.765989e-01
-3.782405e-01
-3.798824e-01
-3.815245e-01
-3.831453e-01
-3.848024e-01
-3.864282e-01
-3.880875e-01
-3.897143e-01
-3.913523e-01
-3.929940e-01
-3.946373e-01
-3.962814e-01
-3.979259e-01
-3.995706e-01
-4.012156e-01
-4.028608e-01
-4.045062e-01
-4.061519e-01
-4.077977e-01
-4.094437e-01
-4.110899e-01
-4.127363e-01
-4.143829e-01
-4.160056e-01
-4.176679e-01
-4.192963e-01
-4.209612e-01
-4.225908e-01
-4.242318e-01
-4.259020e-01
-4.275337e-01
-4.291759e-01
-4.308220e-01
-4.324698e-01
-4.341183e-01
-4.357673e-01
-4.374165e-01
-4.390660e-01
-4.407156e-01
-4.423654e-01
-4.440154e-01
-4.456655e-01
-4.473158e-01
-4.489395e-01
-4.506061e-01
-4.522362e-01
-4.539058e-01
-4.555373e-01
-4.572078e-01
-4.588398e-01
-4.604833e-01
-4.621315e-01
-4.637818e-01
-4.654331e-01
-4.670849e-01
-4.687371e-01
-4.703895e-01
-4.720421e-01
-4.736948e-01
-4.753476e-01
-4.770006e-01
-4.786536e-01
-4.803068e-01
-4.819601e-01
-4.835842e-01
-4.852542e-01
-4.869149e-01
-4.885423e-01
-4.902142e-01
-4.918463e-01
-4.935206e-01
-4.951539e-01
-4.967987e-01
-4.984791e-01
-5.001152e-01
-5.017615e-01
-5.034123e-01
-5.050654e-01
-5.067195e-01
-5.083742e-01
-5.100293e-01
-5.116846e-01
-5.133400e-01
-5.149956e-01
-5.166512e-01
-5.183069e-01
-5.199627e-01
-5.216186e-01
-5.232745e-01
-5.249305e-01
-5.265544e-01
-5.282275e-01
-5.298916e-01
-5.315193e-01
-5.331946e-01
-5.348273e-01
-5.365053e-01
-5.381394e-01
-5.398182e-01
-5.414527e-01
-5.430986e-01
-5.447500e-01
-5.464042e-01
-5.480599e-01
-5.497163e-01
-5.513733e-01
-5.530305e-01
-5.546879e-01
-5.563454e-01
-5.580030e-01
-5.596606e-01
-5.613183e-01
-5.629760e-01
-5.646338e-01
-5.662915e-01
-5.679493e-01
-5.696071e-01
-5.712299e-01
-5.729049e-01
-5.745714e-01
-5.761985e-01
-5.778761e-01
-5.795086e-01
-5.811891e-01
-5.828232e-01
-5.845047e-01
-5.861392e-01
-5.877849e-01
-5.894729e-01
-5.911106e-01
-5.927581e-01
-5.944106e-01
-5.960658e-01
-5.977226e-01
