-3.110809e-17
-2.474344e-16
-1.741127e-15
-1.207576e-14
-8.360087e-14
-5.787047e-13
-4.006708e-12
-2.774850e-11
-1.922362e-10
-1.332281e-09
-9.236887e-09
-6.405003e-08
-4.434055e-07
-3.030066e-06
-1.921870e-05
-9.359628e-05
-2.967897e-04
-6.504679e-04
-1.094690e-03
-1.499261e-03
-1.728059e-03
-1.784801e-03
-1.786138e-03
-1.779571e-03
-1.773838e-03
-1.769557e-03
-1.766496e-03
-1.764370e-03
-1.763041e-03
-1.762151e-03
-1.761624e-03
-1.761364e-03
-1.761288e-03
-1.761522e-03
-1.761917e-03
-1.762513e-03
-1.763146e-03
-1.763836e-03
-1.764576e-03
-1.765357e-03
-1.766167e-03
-1.767001e-03
-1.767853e-03
-1.768719e-03
-1.769595e-03
-1.770478e-03
-1.771368e-03
-1.772263e-03
-1.773161e-03
-1.774062e-03
-1.774966e-03
-1.775967e-03
-1.776796e-03
-1.777784e-03
-1.778705e-03
-1.779617e-03
-1.780527e-03
-1.781438e-03
-1.782350e-03
-1.783262e-03
-3.110809e-17
-2.474344e-16
-1.741127e-15
-1.207576e-14
-8.360087e-14
-5.787047e-13
-4.006708e-12
-2.774850e-11
-1.922362e-10
-1.332281e-09
-9.236887e-09
-6.405003e-08
-4.434055e-07
-3.030066e-06
-1.921870e-05
-9.359628e-05
-2.967897e-04
-6.504679e-04
-1.094690e-03
-1.499261e-03
-1.728059e-03
-1.784801e-03
-1.786138e-03
-1.779571e-03
-1.773838e-03
-1.769557e-03
-1.766496e-03
-1.764370e-03
-1.763041e-03
-1.762151e-03
-1.761624e-03
-1.761364e-03
-1.761288e-03
-1.761522e-03
-1.761917e-03
-1.762513e-03
-1.763146e-03
-1.763836e-03
-1.764576e-03
-1.765357e-03
-1.766167e-03
-1.767001e-03
-1.767853e-03
-1.768719e-03
-1.769595e-03
-1.770478e-03
-1.771368e-03
-1.772263e-03
-1.773161e-03
-1.774062e-03
-1.774966e-03
-1.775967e-03
-1.776796e-03
-1.777784e-03
-1.778705e-03
-1.779617e-03
-1.780527e-03
-1.781438e-03
-1.782350e-03
-1.783262e-03
-1.784174e-03
-1.785087e-03
-1.786000e-03
-1.786913e-03
-1.787827e-03
-1.788741e-03
-1.789656e-03
-1.790571e-03
-1.791486e-03
-1.792401e-03
-1.793317e-03
-1.794232e-03
-1.795148e-03
-1.796065e-03
-1.796981e-03
-1.797897e-03
-1.798814e-03
-1.799731e-03
-1.800648e-03
-1.801565e-03
-1.802482e-03
-1.803399e-03
-1.804316e-03
-1.805233e-03
-1.806149e-03
-1.807150e-03
-1.807999e-03
-1.808986e-03
-1.809913e-03
-1.810831e-03
-1.811747e-03
-1.812663e-03
-1.813579e-03
-1.814494e-03
-1.815409e-03
-1.816324e-03
-1.817237e-03
-1.818151e-03
-1.819064e-03
-1.819976e-03
-1.820887e-03
-1.821798e-03
-1.822708e-03
-1.823617e-03
-1.824525e-03
-1.825432e-03
-1.826339e-03
-1.827315e-03
-1.828225e-03
-1.829129e-03
-1.830031e-03
-1.830932e-03
-1.831831e-03
-1.832732e-03
-1.833629e-03
-1.834524e-03
-1.835418e-03
-1.836309e-03
-1.837199e-03
-1.838087e-03
-1.838972e-03
-1.839856e-03
-1.840797e-03
-1.841684e-03
-1.842562e-03
-1.843437e-03
-1.844310e-03
-1.845179e-03
-1.846046e-03
-1.846910e-03
-1.847771e-03
-1.848629e-03
-1.849484e-03
-1.850386e-03
-1.851240e-03
-1.852085e-03
-1.852926e-03
-1.853763e-03
-1.854596e-03
-1.855424e-03
-1.856249e-03
-1.857111e-03
-1.857930e-03
-1.858741e-03
-1.859546e-03
-1.860346e-03
-1.861141e-03
-1.861966e-03
-1.862752e-03
-1.863529e-03
-1.864300e-03
-1.865064e-03
-1.865821e-03
-1.866601e-03
-1.867346e-03
-1.868084e-03
-1.868811e-03
-1.869529e-03
-1.870265e-03
-1.870968e-03
-1.871659e-03
-1.872362e-03
-1.873035e-03
-1.873696e-03
-1.874364e-03
-1.875003e-03
-1.875629e-03
-1.876260e-03
-1.876861e-03
-1.877447e-03
-1.878033e-03
-1.878590e-03
-1.879143e-03
-1.879679e-03
-1.880188e-03
-1.880687e-03
-1.881158e-03
-1.881616e-03
-1.882053e-03
-1.882463e-03
-1.882854e-03
-1.883221e-03
-1.883562e-03
-1.883877e-03
-1.884164e-03
-1.884421e-03
-1.884648e-03
-1.884842e-03
-1.885004e-03
-1.885131e-03
-1.885221e-03
-1.885273e-03
-1.885286e-03
-1.885257e-03
-1.885186e-03
-1.885071e-03
-1.884911e-03
-1.884705e-03
-1.884452e-03
-1.884149e-03
