-3.435853e-17
-2.722288e-16
-1.916057e-15
-1.328226e-14
-9.187250e-14
-6.352998e-13
-4.393094e-12
-3.037920e-11
-2.100852e-10
-1.452836e-09
-1.004608e-08
-6.942833e-08
-4.784057e-07
-3.242591e-06
-2.021048e-05
-9.647769e-05
-3.107183e-04
-7.324754e-04
-1.409069e-03
-2.370094e-03
-3.637711e-03
-5.232653e-03
-7.175654e-03
-9.486963e-03
-1.218598e-02
-1.529130e-02
-1.882223e-02
-2.279529e-02
-2.723163e-02
-3.214897e-02
-3.757120e-02
-4.351916e-02
-5.001934e-02
-5.709886e-02
-6.478702e-02
-7.311855e-02
-8.212461e-02
-9.184440e-02
-1.023265e-01
-1.136116e-01
-1.257483e-01
-1.387892e-01
-1.527909e-01
-1.678441e-01
-1.839601e-01
-2.013236e-01
-2.197986e-01
-2.396446e-01
-2.608441e-01
-2.836108e-01
-3.079247e-01
-3.340376e-01
-3.620087e-01
-3.919732e-01
-4.240776e-01
-4.584800e-01
-4.953511e-01
-5.350030e-01
-5.773918e-01
-6.228475e-01
-6.717695e-01
-7.241008e-01
-7.804462e-01
-8.409555e-01
-9.057158e-01
-9.755017e-01
-1.050505e+00
-1.131121e+00
-1.217794e+00
-1.311002e+00
-1.411266e+00
-1.519145e+00
-1.635248e+00
-1.760234e+00
-1.894816e+00
-2.039765e+00
-2.196534e+00
-2.364915e+00
-2.546341e+00
-2.741930e+00
-2.953694e+00
-3.181312e+00
-3.410532e+00
