-2.3443e-16
-2.4110e-16
-2.4256e-16
-2.4512e-16
-2.4820e-16
-7.9352e-16
-2.7805e-15
-1.0319e-14
-3.9837e-14
-1.5862e-13
-6.4799e-13
-2.7060e-12
-1.1519e-11
-4.9864e-11
-2.1903e-10
-9.7365e-10
-4.3570e-09
-1.9332e-08
-8.1269e-08
-2.9453e-07
-8.4514e-07
-1.9282e-06
-3.6961e-06
-6.2660e-06
-9.7359e-06
-1.4190e-05
-1.9694e-05
-2.6285e-05
-3.3953e-05
-4.2634e-05
-5.2221e-05
-6.2598e-05
-7.3656e-05
-8.5314e-05
-9.7504e-05
-1.1018e-04
-1.2331e-04
-1.3687e-04
-1.5084e-04
-1.6519e-04
-1.7991e-04
-1.9498e-04
-2.1040e-04
-2.2616e-04
-2.4224e-04
-2.5864e-04
-2.7534e-04
-2.9234e-04
-3.0965e-04
-3.2724e-04
-3.4511e-04
-3.6326e-04
-3.8167e-04
-4.0036e-04
-4.1931e-04
-4.3851e-04
-4.5797e-04
-4.7767e-04
-4.9763e-04
-5.1782e-04
-5.3824e-04
-5.5890e-04
-5.7979e-04
-6.0091e-04
-6.2225e-04
-6.4380e-04
-6.6556e-04
-6.8754e-04
-7.0972e-04
-7.3211e-04
-7.5472e-04
-7.7751e-04
-8.0049e-04
-8.2367e-04
-8.4703e-04
-8.7059e-04
-8.9432e-04
-9.1826e-04
-9.4236e-04
-9.6663e-04
-9.9108e-04
-1.0157e-03
-1.0405e-03
-1.0654e-03
-1.0905e-03
-1.1158e-03
-1.1412e-03
-1.1669e-03
-1.1926e-03
-1.2185e-03
-1.2445e-03
-1.2707e-03
-1.2971e-03
-1.3235e-03
-1.3501e-03
-1.3769e-03
-1.4038e-03
-1.4308e-03
-1.4580e-03
-1.4852e-03
-1.5127e-03
-1.5402e-03
-1.5678e-03
-1.5956e-03
-1.6235e-03
-1.6515e-03
-1.6797e-03
-1.7079e-03
-1.7363e-03
-1.7648e-03
-1.7933e-03
-1.8220e-03
-1.8508e-03
-1.8797e-03
-1.9088e-03
-1.9379e-03
-1.9671e-03
-1.9964e-03
-2.0258e-03
-2.0553e-03
-2.0849e-03
-2.1145e-03
-2.1443e-03
-2.1742e-03
-2.2041e-03
-2.2341e-03
-2.2643e-03
-2.2944e-03
-2.3247e-03
-2.3551e-03
-2.3855e-03
-2.4160e-03
-2.4466e-03
-2.4773e-03
-2.5080e-03
-2.5388e-03
-2.5697e-03
-2.6007e-03
-2.6317e-03
-2.6628e-03
-2.6939e-03
-2.7251e-03
-2.7564e-03
-2.7877e-03
-2.8191e-03
-2.8505e-03
-2.8820e-03
-2.9135e-03
-2.9451e-03
-2.9768e-03
-3.0085e-03
-3.0403e-03
-3.0722e-03
-3.1040e-03
-3.1359e-03
-3.1678e-03
-3.1998e-03
-3.2319e-03
-3.2639e-03
-3.2961e-03
-3.3283e-03
-3.3605e-03
-3.3928e-03
-3.4250e-03
-3.4573e-03
-3.4896e-03
-3.5220e-03
-3.5544e-03
-3.5869e-03
-3.6194e-03
-3.6519e-03
-3.6844e-03
-3.7170e-03
-3.7494e-03
-3.7820e-03
-3.8147e-03
-3.8474e-03
-3.8800e-03
-3.9127e-03
-3.9454e-03
-3.9782e-03
-4.0107e-03
-4.0436e-03
-4.0763e-03
-4.1091e-03
-4.1419e-03
-4.1747e-03
-4.2075e-03
-4.2402e-03
-4.2730e-03
-4.3058e-03
-4.3388e-03
-4.3716e-03
-4.4045e-03
-4.4373e-03
-4.4700e-03
-4.5028e-03
-4.5356e-03
-4.5686e-03
-4.6015e-03
-4.6343e-03
-4.6672e-03
-4.6997e-03
-4.7325e-03
-4.7655e-03
