-4.8871e-19
-1.0993e-18
1.2883e-18
7.4231e-19
-5.6660e-19
1.8903e-20
6.7208e-19
-3.9791e-19
3.8087e-19
-5.9838e-19
1.4411e-18
3.1870e-19
8.3396e-19
-1.0461e-18
1.8435e-18
-5.8929e-19
-1.8705e-18
-1.0723e-06
-1.5657e-06
-1.7401e-06
-1.7989e-06
-1.8265e-06
-1.8457e-06
-1.8620e-06
-1.8769e-06
-1.8909e-06
-1.9042e-06
-1.9169e-06
-1.9291e-06
-1.9409e-06
-1.9523e-06
-1.9633e-06
-1.9741e-06
-1.9846e-06
-1.9948e-06
-2.0048e-06
-2.0145e-06
-2.0241e-06
-2.0335e-06
-2.0427e-06
-2.0517e-06
-2.0605e-06
-2.0693e-06
-2.0778e-06
-2.0863e-06
-2.0946e-06
-2.1028e-06
-2.1108e-06
-2.1188e-06
-2.1266e-06
-2.1344e-06
-2.1421e-06
-2.1496e-06
-2.1571e-06
-2.1645e-06
-2.1718e-06
-2.1790e-06
-2.1862e-06
-2.1933e-06
-2.2003e-06
-2.2072e-06
-2.2141e-06
-2.2209e-06
-2.2277e-06
-2.2344e-06
-2.2410e-06
-2.2476e-06
-2.2542e-06
-2.2607e-06
-2.2671e-06
-2.2735e-06
-2.2798e-06
-2.2861e-06
-2.2923e-06
-2.2985e-06
-2.3047e-06
-2.3108e-06
-2.3169e-06
-2.3229e-06
-2.3289e-06
-2.3349e-06
-2.3408e-06
-2.3467e-06
-2.3526e-06
-2.3584e-06
-2.3642e-06
-2.3699e-06
-2.3757e-06
-2.3814e-06
-2.3870e-06
-2.3927e-06
-2.3983e-06
-2.4038e-06
-2.4094e-06
-2.4149e-06
-2.4204e-06
-2.4259e-06
-2.4313e-06
-2.4367e-06
-2.4421e-06
-2.4475e-06
-2.4529e-06
-2.4582e-06
-2.4635e-06
-2.4688e-06
-2.4740e-06
-2.4793e-06
-2.4845e-06
-2.4897e-06
-2.4948e-06
-2.5000e-06
-2.5051e-06
-2.5102e-06
-2.5153e-06
-2.5204e-06
-2.5255e-06
-2.5305e-06
-2.5355e-06
-2.5406e-06
-2.5455e-06
-2.5505e-06
-2.5555e-06
-2.5604e-06
-2.5654e-06
-2.5703e-06
-2.5752e-06
-2.5801e-06
-2.5849e-06
-2.5898e-06
-2.5946e-06
-2.5995e-06
-2.6043e-06
-2.6091e-06
-2.6139e-06
-2.6187e-06
-2.6235e-06
-2.6282e-06
-2.6330e-06
-2.6377e-06
-2.6425e-06
-2.6472e-06
-2.6519e-06
-2.6566e-06
-2.6613e-06
-2.6660e-06
-2.6707e-06
-2.6754e-06
-2.6800e-06
-2.6847e-06
-2.6894e-06
-2.6940e-06
-2.6986e-06
-2.7033e-06
-2.7079e-06
-2.7125e-06
-2.7171e-06
-2.7217e-06
-2.7263e-06
-2.7309e-06
-2.7355e-06
-2.7401e-06
-2.7446e-06
-2.7492e-06
-2.7538e-06
-2.7583e-06
-2.7629e-06
-2.7674e-06
-2.7719e-06
-2.7765e-06
-2.7810e-06
-2.7855e-06
-2.7900e-06
-2.7945e-06
-2.7990e-06
-2.8035e-06
-2.8080e-06
-2.8125e-06
-2.8170e-06
-2.8215e-06
-2.8260e-06
-2.8304e-06
-2.8349e-06
-2.8394e-06
-2.8438e-06
-2.8483e-06
-2.8527e-06
-2.8572e-06
-2.8616e-06
-2.8661e-06
-2.8705e-06
-2.8749e-06
-2.8794e-06
-2.8838e-06
-2.8882e-06
-2.8926e-06
-2.8970e-06
-2.9014e-06
-2.9058e-06
-2.9102e-06
-2.9146e-06
-2.9190e-06
-2.9234e-06
-2.9278e-06
-2.9322e-06
-2.9366e-06
-2.9409e-06
-2.9453e-06
-2.9497e-06
-2.9541e-06
-2.9584e-06
-2.9628e-06
-2.9672e-06
-2.9715e-06
-2.9759e-06
-2.9802e-06
-2.9846e-06
-2.9889e-06
