2.8585e-09
5.4713e-09
8.6560e-09
1.2441e-08
1.6852e-08
2.1916e-08
2.7659e-08
3.4104e-08
4.1276e-08
4.9198e-08
5.7890e-08
6.6472e-08
7.4787e-08
8.3689e-08
-2.3867e-05
-4.6599e-05
-6.8081e-05
-8.8338e-05
-1.0740e-04
-1.2527e-04
-1.4191e-04
-1.5737e-04
-1.7172e-04
-1.8495e-04
-1.9699e-04
-2.0792e-04
-2.1788e-04
-2.2686e-04
-2.3490e-04
-2.4201e-04
-2.4828e-04
-2.5363e-04
-2.5829e-04
-2.6239e-04
-2.6598e-04
-2.6929e-04
-2.7208e-04
-2.7458e-04
-2.7689e-04
-2.7897e-04
-2.8095e-04
-2.8281e-04
-2.8457e-04
-2.8623e-04
-2.8769e-04
-2.8918e-04
-2.9064e-04
-2.9206e-04
-2.9344e-04
-2.9479e-04
-2.9611e-04
-2.9740e-04
-2.9867e-04
-2.9992e-04
-3.0110e-04
-3.0230e-04
-3.0349e-04
-3.0466e-04
-3.0581e-04
-3.0695e-04
-3.0808e-04
-3.0919e-04
-3.1029e-04
-3.1138e-04
-3.1246e-04
-3.1353e-04
-3.1459e-04
-3.1559e-04
-3.1663e-04
-3.1765e-04
-3.1867e-04
-3.1968e-04
-3.2068e-04
-3.2168e-04
-3.2266e-04
-3.2364e-04
-3.2462e-04
-3.2558e-04
-3.2655e-04
-3.2750e-04
-3.2845e-04
-3.2939e-04
-3.3029e-04
-3.3122e-04
-3.3214e-04
-3.3305e-04
-3.3397e-04
-3.3487e-04
-3.3578e-04
-3.3668e-04
-3.3757e-04
-3.3846e-04
-3.3935e-04
-3.4023e-04
-3.4110e-04
-3.4198e-04
-3.4284e-04
-3.4371e-04
-3.4457e-04
-3.4542e-04
-3.4628e-04
-3.4713e-04
-3.4794e-04
-3.4878e-04
-3.4962e-04
-3.5045e-04
-3.5128e-04
-3.5210e-04
-3.5293e-04
-3.5375e-04
-3.5457e-04
-3.5538e-04
-3.5618e-04
-3.5699e-04
-3.5779e-04
-3.5859e-04
-3.5938e-04
-3.6017e-04
-3.6096e-04
-3.6174e-04
-3.6252e-04
-3.6330e-04
-3.6407e-04
-3.6482e-04
-3.6558e-04
-3.6634e-04
-3.6710e-04
-3.6785e-04
-3.6861e-04
-3.6936e-04
-3.7011e-04
-3.7085e-04
-3.7160e-04
-3.7234e-04
-3.7308e-04
-3.7381e-04
-3.7455e-04
-3.7528e-04
-3.7601e-04
-3.7674e-04
-3.7747e-04
-3.7819e-04
-3.7891e-04
-3.7963e-04
-3.8035e-04
-3.8106e-04
-3.8175e-04
-3.8246e-04
-3.8314e-04
-3.8384e-04
-3.8453e-04
-3.8520e-04
-3.8588e-04
-3.8656e-04
-3.8728e-04
-3.8796e-04
-3.8865e-04
-3.8933e-04
-3.9001e-04
-3.9069e-04
-3.9137e-04
-3.9204e-04
-3.9271e-04
-3.9338e-04
-3.9405e-04
-3.9473e-04
-3.9538e-04
-3.9605e-04
-3.9669e-04
-3.9735e-04
-3.9798e-04
-3.9864e-04
-3.9928e-04
-3.9993e-04
-4.0057e-04
-4.0120e-04
-4.0184e-04
-4.0245e-04
-4.0308e-04
-4.0370e-04
-4.0431e-04
-4.0497e-04
-4.0560e-04
-4.0623e-04
-4.0685e-04
-4.0746e-04
-4.0808e-04
-4.0869e-04
-4.0930e-04
-4.0990e-04
-4.1049e-04
-4.1109e-04
-4.1168e-04
-4.1226e-04
-4.1284e-04
-4.1342e-04
-4.1400e-04
-4.1457e-04
-4.1514e-04
-4.1570e-04
-4.1627e-04
-4.1682e-04
-4.1738e-04
-4.1793e-04
-4.1848e-04
-4.1902e-04
-4.1955e-04
-4.2008e-04
-4.2061e-04
-4.2114e-04
-4.2166e-04
-4.2218e-04
-4.2269e-04
-4.2321e-04
