-4.8871e-19
-1.0993e-18
1.2883e-18
7.4231e-19
-5.6660e-19
1.8903e-20
6.7208e-19
-3.9791e-19
3.8087e-19
-5.9838e-19
1.4411e-18
3.1870e-19
8.3396e-19
-1.0461e-18
1.8435e-18
-5.8929e-19
-1.8705e-18
1.5309e-19
1.5235e-18
-3.8268e-19
-5.6827e-19
-1.3327e-18
-8.3796e-19
-1.3860e-18
-9.2204e-19
-3.7038e-19
-1.7526e-18
-3.7756e-19
1.8116e-18
1.0923e-18
1.6102e-18
3.4328e-18
2.6663e-18
-4.4525e-19
2.1377e-18
1.1144e-18
-6.9673e-18
-2.8847e-18
4.4818e-18
1.5937e-18
2.5402e-18
-4.7370e-18
8.6672e-19
-1.7070e-18
-4.7627e-18
-2.2325e-18
5.7240e-18
-2.2295e-18
8.4321e-18
8.9237e-18
3.5727e-18
9.1183e-19
-8.6289e-18
6.9170e-18
-1.8362e-18
4.6089e-18
-6.1085e-18
-8.7335e-18
1.9254e-18
-1.0072e-17
4.3910e-18
-8.3834e-18
5.7552e-18
1.0671e-17
2.8071e-18
-6.8018e-18
-1.6862e-18
6.4878e-18
-8.0672e-05
-1.6011e-04
-2.3830e-04
-3.1515e-04
-3.9063e-04
-4.6475e-04
-5.3742e-04
-6.0861e-04
-6.7834e-04
-7.4651e-04
-8.1312e-04
-8.7815e-04
-9.4155e-04
-1.0033e-03
-1.0635e-03
-1.1219e-03
-1.1787e-03
-1.2337e-03
-1.2871e-03
-1.3387e-03
-1.3885e-03
-1.4366e-03
-1.4829e-03
-1.5275e-03
-1.5704e-03
-1.6116e-03
-1.6509e-03
-1.6886e-03
-1.7245e-03
-1.7588e-03
-1.7914e-03
-1.8224e-03
-1.8517e-03
-1.8793e-03
-1.9055e-03
-1.9302e-03
-1.9534e-03
-1.9752e-03
-1.9956e-03
-2.0145e-03
-2.0322e-03
-2.0487e-03
-2.0639e-03
-2.0782e-03
-2.0914e-03
-2.1037e-03
-2.1151e-03
-2.1256e-03
-2.1353e-03
-2.1444e-03
-2.1527e-03
-2.1606e-03
-2.1679e-03
-2.1747e-03
-2.1812e-03
-2.1874e-03
-2.1932e-03
-2.1987e-03
-2.2040e-03
-2.2091e-03
-2.2139e-03
-2.2186e-03
-2.2231e-03
-2.2275e-03
-2.2318e-03
-2.2359e-03
-2.2398e-03
-2.2437e-03
-2.2475e-03
-2.2512e-03
-2.2548e-03
-2.2583e-03
-2.2618e-03
-2.2652e-03
-2.2685e-03
-2.2717e-03
-2.2749e-03
-2.2781e-03
-2.2811e-03
-2.2842e-03
-2.2871e-03
-2.2901e-03
-2.2930e-03
-2.2958e-03
-2.2986e-03
-2.3014e-03
-2.3041e-03
-2.3068e-03
-2.3095e-03
-2.3121e-03
-2.3147e-03
-2.3173e-03
-2.3198e-03
-2.3223e-03
-2.3248e-03
-2.3273e-03
-2.3297e-03
-2.3321e-03
-2.3345e-03
-2.3368e-03
-2.3392e-03
-2.3415e-03
-2.3438e-03
-2.3460e-03
-2.3483e-03
-2.3505e-03
-2.3527e-03
-2.3549e-03
-2.3571e-03
-2.3593e-03
-2.3614e-03
-2.3635e-03
-2.3656e-03
-2.3678e-03
-2.3698e-03
-2.3719e-03
-2.3739e-03
-2.3760e-03
-2.3780e-03
-2.3800e-03
-2.3820e-03
-2.3839e-03
-2.3859e-03
-2.3878e-03
-2.3898e-03
-2.3917e-03
-2.3936e-03
-2.3955e-03
-2.3974e-03
-2.3993e-03
-2.4012e-03
-2.4031e-03
-2.4048e-03
-2.4067e-03
-2.4085e-03
-2.4103e-03
-2.4121e-03
-2.4139e-03
-2.4157e-03
-2.4175e-03
-2.4193e-03
-2.4210e-03
-2.4228e-03
-2.4245e-03
-2.4263e-03
-2.4280e-03
-2.4297e-03
-2.4315e-03
-2.4332e-03
-2.4349e-03
-2.4366e-03
-2.4383e-03
-2.4399e-03
-2.4416e-03
-2.4433e-03
-2.4450e-03
-2.4466e-03
-2.4483e-03
-2.4499e-03
-2.4516e-03
-2.4532e-03
-2.4548e-03
-2.4564e-03
-2.4581e-03
-2.4597e-03
-2.4613e-03
-2.4629e-03
-2.4645e-03
-2.4661e-03
-2.4676e-03
-2.4692e-03
-2.4708e-03
-2.4724e-03
-2.4739e-03
-2.4755e-03
-2.4770e-03
-2.4786e-03
-2.4801e-03
-2.4817e-03
-2.4832e-03
-2.4847e-03
-2.4862e-03
-2.4878e-03
-2.4893e-03
-2.4908e-03
-2.4923e-03
-2.4938e-03
-2.4953e-03
-2.4968e-03
-2.4983e-03
-2.4998e-03
-2.5013e-03
-2.5027e-03
-2.5042e-03
-2.5057e-03
-2.5071e-03
-2.5086e-03
-2.5101e-03
-2.5115e-03
-2.5130e-03
