-4.8871e-19
-1.0993e-18
1.2883e-18
7.4231e-19
-5.6660e-19
1.8903e-20
6.7208e-19
-3.9791e-19
3.8087e-19
-5.9838e-19
1.4411e-18
3.1870e-19
8.3396e-19
-1.0461e-18
1.8435e-18
-5.8929e-19
-1.8705e-18
1.5309e-19
1.5235e-18
-3.8268e-19
-5.6827e-19
-1.3327e-18
-8.3796e-19
-1.3860e-18
-9.2204e-19
-3.7038e-19
-1.7526e-18
-3.7756e-19
1.8116e-18
1.0923e-18
1.6102e-18
3.4328e-18
2.6663e-18
-4.4525e-19
2.1377e-18
1.1144e-18
-6.9673e-18
-2.8847e-18
4.4818e-18
1.5937e-18
2.5402e-18
-4.7370e-18
8.6672e-19
-1.7070e-18
-4.7627e-18
-2.2325e-18
5.7240e-18
-2.2295e-18
8.4321e-18
8.9237e-18
3.5727e-18
-4.6744e-05
-9.2215e-05
-1.3640e-04
-1.7924e-04
-2.2077e-04
-2.6091e-04
-2.9968e-04
-3.3704e-04
-3.7298e-04
-4.0749e-04
-4.4057e-04
-4.7221e-04
-5.0239e-04
-5.3113e-04
-5.5842e-04
-5.8426e-04
-6.0865e-04
-6.3161e-04
-6.5318e-04
-6.7337e-04
-6.9220e-04
-7.0967e-04
-7.2584e-04
-7.4075e-04
-7.5449e-04
-7.6705e-04
-7.7851e-04
-7.8887e-04
-7.9826e-04
-8.0676e-04
-8.1444e-04
-8.2138e-04
-8.2764e-04
-8.3331e-04
-8.3844e-04
-8.4308e-04
-8.4736e-04
-8.5131e-04
-8.5499e-04
-8.5843e-04
-8.6167e-04
-8.6475e-04
-8.6767e-04
-8.7046e-04
-8.7315e-04
-8.7572e-04
-8.7821e-04
-8.8062e-04
-8.8295e-04
-8.8522e-04
-8.8746e-04
-8.8962e-04
-8.9172e-04
-8.9377e-04
-8.9578e-04
-8.9774e-04
-8.9967e-04
-9.0155e-04
-9.0341e-04
-9.0522e-04
-9.0701e-04
-9.0877e-04
-9.1049e-04
-9.1219e-04
-9.1387e-04
-9.1552e-04
-9.1715e-04
-9.1875e-04
-9.2033e-04
-9.2189e-04
-9.2343e-04
-9.2496e-04
-9.2647e-04
-9.2796e-04
-9.2942e-04
-9.3087e-04
-9.3231e-04
-9.3373e-04
-9.3513e-04
-9.3652e-04
-9.3790e-04
-9.3926e-04
-9.4061e-04
-9.4194e-04
-9.4327e-04
-9.4458e-04
-9.4588e-04
-9.4717e-04
-9.4844e-04
-9.4970e-04
-9.5096e-04
-9.5220e-04
-9.5343e-04
-9.5465e-04
-9.5586e-04
-9.5707e-04
-9.5826e-04
-9.5945e-04
-9.6063e-04
-9.6179e-04
-9.6295e-04
-9.6410e-04
-9.6524e-04
-9.6637e-04
-9.6749e-04
-9.6861e-04
-9.6973e-04
-9.7083e-04
-9.7192e-04
-9.7301e-04
-9.7409e-04
-9.7516e-04
-9.7621e-04
-9.7729e-04
-9.7832e-04
-9.7939e-04
-9.8043e-04
-9.8147e-04
-9.8247e-04
-9.8352e-04
-9.8451e-04
-9.8553e-04
-9.8656e-04
-9.8753e-04
-9.8856e-04
-9.8951e-04
-9.9054e-04
-9.9148e-04
-9.9250e-04
-9.9343e-04
-9.9440e-04
-9.9536e-04
-9.9632e-04
-9.9727e-04
-9.9822e-04
-9.9917e-04
-1.0001e-03
-1.0011e-03
-1.0020e-03
-1.0029e-03
-1.0038e-03
-1.0048e-03
-1.0057e-03
-1.0066e-03
-1.0075e-03
-1.0084e-03
-1.0093e-03
-1.0102e-03
-1.0111e-03
-1.0120e-03
-1.0129e-03
-1.0138e-03
-1.0147e-03
-1.0156e-03
-1.0165e-03
-1.0173e-03
-1.0182e-03
-1.0191e-03
-1.0199e-03
-1.0208e-03
-1.0217e-03
-1.0225e-03
-1.0234e-03
-1.0242e-03
-1.0251e-03
-1.0259e-03
-1.0268e-03
-1.0276e-03
-1.0285e-03
-1.0293e-03
-1.0301e-03
-1.0310e-03
-1.0318e-03
-1.0326e-03
-1.0334e-03
-1.0343e-03
-1.0351e-03
-1.0359e-03
-1.0367e-03
-1.0375e-03
-1.0383e-03
-1.0391e-03
-1.0399e-03
-1.0407e-03
-1.0415e-03
-1.0423e-03
-1.0431e-03
-1.0439e-03
-1.0447e-03
-1.0455e-03
-1.0463e-03
-1.0471e-03
-1.0479e-03
-1.0486e-03
-1.0494e-03
-1.0502e-03
-1.0510e-03
-1.0517e-03
-1.0525e-03
-1.0533e-03
