1.1201e-19
4.9974e-19
4.4463e-19
-1.8754e-18
-8.6671e-19
1.8557e-18
-2.6763e-19
1.3686e-18
1.4928e-18
-8.8108e-19
-8.5379e-19
3.3758e-19
-3.8327e-19
1.1481e-19
-1.7997e-18
-9.4495e-19
3.4936e-20
-2.7743e-19
-2.0463e-19
1.2212e-18
3.1066e-20
-1.1826e-19
-1.3348e-18
7.5280e-19
4.7465e-19
-1.6391e-18
-4.1784e-19
5.1603e-19
-1.9462e-18
-6.0506e-20
-2.8289e-19
1.1902e-18
-5.2721e-19
-3.9417e-19
-8.3407e-19
-5.8375e-19
7.1247e-19
-6.9143e-19
-3.7792e-19
-7.8667e-19
-4.6753e-19
-8.9743e-19
-3.3286e-20
-3.3553e-19
1.9462e-18
6.9293e-19
-8.2863e-19
8.3122e-19
-3.0217e-18
-1.3296e-18
-3.2557e-19
6.3044e-20
7.2817e-21
2.0556e-19
1.2877e-18
4.8228e-19
4.0101e-19
8.0565e-20
-8.7203e-19
-1.6091e-20
-1.4341e-18
5.0313e-19
-1.5671e-18
-1.2260e-18
1.4862e-18
6.3551e-19
1.4797e-18
-2.7121e-19
-2.6775e-19
1.6129e-18
2.5454e-19
-7.6150e-19
9.5718e-19
3.3361e-19
1.0225e-18
-7.2346e-19
-3.9521e-19
-1.2175e-18
2.0079e-19
6.6554e-19
-8.7234e-20
-8.0053e-19
3.1791e-19
4.5902e-19
-9.6617e-20
