-7.4730e-18
-1.1887e-17
-1.8392e-17
-1.3290e-17
-1.9976e-17
-1.4168e-17
-9.1391e-18
-2.4453e-18
-1.7802e-17
-8.6304e-18
-1.9598e-17
-1.3134e-17
-2.4577e-17
-9.6887e-18
-2.8499e-17
-2.4947e-17
-3.4052e-17
-1.3175e-17
-2.0238e-17
-1.2700e-17
-1.1280e-17
-1.8409e-17
-3.0074e-17
-3.1083e-17
-1.1395e-17
-1.4660e-17
-2.4939e-17
-3.8540e-17
-1.5948e-17
-7.6057e-18
5.2157e-18
-1.8836e-17
-5.8258e-18
-1.4423e-17
-1.3717e-17
-2.8360e-17
-1.2380e-17
-4.0730e-17
-9.7389e-18
-3.5530e-17
-7.6308e-18
-4.3742e-18
-1.5957e-17
-1.6540e-17
-2.8647e-17
-2.6999e-17
-2.2471e-17
-4.1576e-17
-1.0431e-16
-2.3594e-16
-7.8852e-16
-2.7446e-15
-1.0207e-14
-3.9429e-14
-1.5682e-13
-6.4007e-13
-2.6706e-12
-1.1358e-11
-4.9124e-11
-2.1560e-10
-9.5764e-10
-4.2820e-09
-1.8974e-08
-7.9493e-08
-2.8596e-07
-8.1192e-07
-1.8316e-06
-3.4727e-06
-5.8268e-06
-8.9653e-06
-1.2947e-05
-1.7817e-05
-2.3605e-05
-3.0312e-05
-3.7907e-05
-4.6330e-05
-5.5513e-05
-6.5388e-05
-7.5898e-05
-8.6998e-05
-9.8655e-05
-1.1084e-04
-1.2354e-04
-1.3674e-04
-1.5041e-04
-1.6455e-04
-1.7916e-04
-1.9422e-04
-2.0974e-04
-2.2569e-04
-2.4209e-04
-2.5893e-04
-2.7620e-04
-2.9390e-04
-3.1203e-04
-3.3059e-04
-3.4957e-04
-3.6899e-04
-3.8883e-04
-4.0909e-04
-4.2978e-04
-4.5090e-04
-4.7244e-04
-4.9441e-04
-5.1681e-04
-5.3964e-04
-5.6289e-04
-5.8658e-04
-6.1070e-04
-6.3526e-04
