6.2673e-11
3.0932e-10
9.1597e-10
-6.4262e-07
-8.7321e-07
-9.4022e-07
-9.6453e-07
-9.7927e-07
-9.9152e-07
-1.0028e-06
-1.0134e-06
-1.0237e-06
-1.0336e-06
-1.0433e-06
-1.0529e-06
-1.0622e-06
-1.0712e-06
-1.0800e-06
-1.0888e-06
-1.0974e-06
-1.1059e-06
-1.1143e-06
-1.1225e-06
-1.1306e-06
-1.1386e-06
-1.1465e-06
-1.1544e-06
-1.1622e-06
-1.1698e-06
-1.1774e-06
-1.1849e-06
-1.1923e-06
-1.1997e-06
-1.2071e-06
-1.2144e-06
-1.2217e-06
-1.2289e-06
-1.2361e-06
-1.2433e-06
-1.2505e-06
-1.2577e-06
-1.2648e-06
-1.2719e-06
-1.2790e-06
-1.2860e-06
-1.2931e-06
-1.3001e-06
-1.3071e-06
-1.3141e-06
-1.3211e-06
-1.3281e-06
-1.3351e-06
-1.3421e-06
-1.3490e-06
-1.3560e-06
-1.3629e-06
-1.3698e-06
-1.3768e-06
-1.3837e-06
-1.3906e-06
-1.3975e-06
-1.4044e-06
-1.4113e-06
-1.4182e-06
-1.4253e-06
-1.4323e-06
-1.4392e-06
-1.4461e-06
-1.4531e-06
-1.4603e-06
-1.4672e-06
-1.4743e-06
-1.4815e-06
-1.4886e-06
-1.4958e-06
-1.5029e-06
-1.5101e-06
-1.5173e-06
-1.5244e-06
-1.5316e-06
-1.5388e-06
-1.5460e-06
-1.5532e-06
-1.5604e-06
-1.5676e-06
-1.5749e-06
-1.5821e-06
-1.5893e-06
-1.5966e-06
-1.6039e-06
-1.6111e-06
-1.6184e-06
-1.6257e-06
-1.6330e-06
-1.6403e-06
-1.6476e-06
-1.6550e-06
-1.6623e-06
-1.6697e-06
-1.6770e-06
-1.6844e-06
-1.6918e-06
-1.6992e-06
-1.7066e-06
-1.7140e-06
-1.7215e-06
-1.7289e-06
-1.7364e-06
-1.7439e-06
-1.7514e-06
-1.7589e-06
-1.7664e-06
-1.7739e-06
-1.7815e-06
-1.7890e-06
-1.7966e-06
-1.8042e-06
-1.8118e-06
-1.8194e-06
-1.8271e-06
-1.8347e-06
-1.8424e-06
-1.8501e-06
-1.8578e-06
-1.8655e-06
-1.8732e-06
-1.8810e-06
-1.8888e-06
-1.8966e-06
-1.9044e-06
-1.9122e-06
-1.9200e-06
-1.9279e-06
-1.9358e-06
-1.9437e-06
-1.9516e-06
-1.9595e-06
-1.9675e-06
-1.9754e-06
-1.9834e-06
-1.9914e-06
-1.9995e-06
-2.0075e-06
-2.0156e-06
-2.0236e-06
-2.0318e-06
-2.0399e-06
-2.0480e-06
-2.0562e-06
-2.0644e-06
-2.0726e-06
-2.0808e-06
-2.0890e-06
-2.0973e-06
-2.1056e-06
-2.1139e-06
-2.1222e-06
-2.1305e-06
-2.1389e-06
-2.1473e-06
-2.1557e-06
-2.1641e-06
-2.1726e-06
-2.1810e-06
-2.1895e-06
-2.1980e-06
-2.2066e-06
-2.2151e-06
-2.2237e-06
-2.2327e-06
-2.2416e-06
-2.2506e-06
-2.2596e-06
-2.2686e-06
-2.2777e-06
-2.2867e-06
-2.2958e-06
-2.3049e-06
-2.3141e-06
-2.3232e-06
-2.3324e-06
-2.3417e-06
-2.3509e-06
-2.3602e-06
-2.3695e-06
-2.3788e-06
-2.3881e-06
-2.3975e-06
-2.4069e-06
-2.4163e-06
-2.4257e-06
-2.4352e-06
-2.4447e-06
-2.4542e-06
-2.4637e-06
-2.4733e-06
-2.4829e-06
-2.4925e-06
-2.5021e-06
-2.5118e-06
-2.5215e-06
-2.5312e-06
-2.5409e-06
