-4.8871e-19
-1.0993e-18
1.2883e-18
7.4231e-19
-5.6660e-19
1.8903e-20
6.7208e-19
-3.9791e-19
3.8087e-19
-5.9838e-19
1.4411e-18
3.1870e-19
8.3396e-19
-1.0461e-18
1.8435e-18
-5.8929e-19
-1.8705e-18
1.5309e-19
1.5235e-18
-3.8268e-19
-5.6827e-19
-1.3327e-18
-8.3796e-19
-1.3860e-18
-9.2204e-19
-3.7038e-19
-1.7526e-18
-3.7756e-19
1.8116e-18
1.0923e-18
1.6102e-18
3.4328e-18
2.6663e-18
-4.4525e-19
-1.9242e-05
-3.7289e-05
-5.4142e-05
-6.9794e-05
-8.4257e-05
-9.7536e-05
-1.0964e-04
-1.2059e-04
-1.3041e-04
-1.3913e-04
-1.4679e-04
-1.5345e-04
-1.5917e-04
-1.6401e-04
-1.6805e-04
-1.7142e-04
-1.7421e-04
-1.7650e-04
-1.7842e-04
-1.8004e-04
-1.8143e-04
-1.8268e-04
-1.8380e-04
-1.8482e-04
-1.8579e-04
-1.8669e-04
-1.8755e-04
-1.8837e-04
-1.8915e-04
-1.8992e-04
-1.9065e-04
-1.9136e-04
-1.9205e-04
-1.9272e-04
-1.9338e-04
-1.9402e-04
-1.9465e-04
-1.9526e-04
-1.9586e-04
-1.9644e-04
-1.9702e-04
-1.9758e-04
-1.9814e-04
-1.9868e-04
-1.9922e-04
-1.9975e-04
-2.0027e-04
-2.0078e-04
-2.0129e-04
-2.0178e-04
-2.0228e-04
-2.0276e-04
-2.0324e-04
-2.0371e-04
-2.0418e-04
-2.0464e-04
-2.0510e-04
-2.0555e-04
-2.0599e-04
-2.0643e-04
-2.0686e-04
-2.0730e-04
-2.0772e-04
-2.0814e-04
-2.0856e-04
-2.0897e-04
-2.0938e-04
-2.0979e-04
-2.1019e-04
-2.1059e-04
-2.1098e-04
-2.1137e-04
-2.1176e-04
-2.1214e-04
-2.1252e-04
-2.1290e-04
-2.1328e-04
-2.1365e-04
-2.1402e-04
-2.1438e-04
-2.1475e-04
-2.1511e-04
-2.1546e-04
-2.1582e-04
-2.1617e-04
-2.1652e-04
-2.1687e-04
-2.1721e-04
-2.1755e-04
-2.1789e-04
-2.1823e-04
-2.1856e-04
-2.1890e-04
-2.1923e-04
-2.1956e-04
-2.1988e-04
-2.2021e-04
-2.2053e-04
-2.2085e-04
-2.2117e-04
-2.2148e-04
-2.2180e-04
-2.2211e-04
-2.2242e-04
-2.2273e-04
-2.2304e-04
-2.2334e-04
-2.2365e-04
-2.2395e-04
-2.2425e-04
-2.2455e-04
-2.2485e-04
-2.2514e-04
-2.2543e-04
-2.2573e-04
-2.2602e-04
-2.2631e-04
-2.2660e-04
-2.2688e-04
-2.2717e-04
-2.2745e-04
-2.2774e-04
-2.2802e-04
-2.2830e-04
-2.2858e-04
-2.2886e-04
-2.2913e-04
-2.2941e-04
-2.2969e-04
-2.2996e-04
-2.3023e-04
-2.3050e-04
-2.3078e-04
-2.3105e-04
-2.3131e-04
-2.3158e-04
-2.3185e-04
-2.3211e-04
-2.3238e-04
-2.3264e-04
-2.3291e-04
-2.3317e-04
-2.3343e-04
-2.3369e-04
-2.3395e-04
-2.3421e-04
-2.3447e-04
-2.3473e-04
-2.3498e-04
-2.3524e-04
-2.3549e-04
-2.3574e-04
-2.3600e-04
-2.3625e-04
-2.3650e-04
-2.3675e-04
-2.3701e-04
-2.3726e-04
-2.3751e-04
-2.3775e-04
-2.3800e-04
-2.3825e-04
-2.3850e-04
-2.3874e-04
-2.3898e-04
-2.3923e-04
-2.3946e-04
-2.3971e-04
-2.3995e-04
-2.4019e-04
-2.4043e-04
-2.4067e-04
-2.4091e-04
-2.4115e-04
-2.4138e-04
-2.4162e-04
-2.4186e-04
-2.4209e-04
-2.4233e-04
-2.4256e-04
-2.4280e-04
-2.4303e-04
-2.4327e-04
-2.4350e-04
-2.4373e-04
-2.4396e-04
-2.4419e-04
-2.4442e-04
-2.4465e-04
-2.4488e-04
-2.4511e-04
-2.4534e-04
-2.4556e-04
-2.4579e-04
-2.4602e-04
-2.4624e-04
-2.4647e-04
-2.4669e-04
-2.4692e-04
-2.4714e-04
