-3.3876e-16
-3.9062e-16
-4.0003e-16
-4.0266e-16
-4.0592e-16
-4.0921e-16
-4.1418e-16
-4.1003e-16
-4.1351e-16
-4.1794e-16
-1.4013e-15
-5.0533e-15
-1.9114e-14
-7.4900e-14
-3.0191e-13
-1.2464e-12
-5.2529e-12
-2.2542e-11
-9.8275e-11
-4.3429e-10
-1.9387e-09
-8.6698e-09
-3.7854e-08
-1.5063e-07
-4.9210e-07
-1.2590e-06
-2.6178e-06
-4.6855e-06
-7.5467e-06
-1.1267e-05
-1.5897e-05
-2.1469e-05
-2.7993e-05
-3.5442e-05
-4.3754e-05
-5.2842e-05
-6.2614e-05
-7.2996e-05
-8.3920e-05
-9.5341e-05
-1.0721e-04
-1.1952e-04
-1.3222e-04
-1.4531e-04
-1.5876e-04
-1.7257e-04
-1.8672e-04
-2.0120e-04
-2.1601e-04
-2.3113e-04
-2.4656e-04
-2.6228e-04
-2.7829e-04
-2.9459e-04
-3.1117e-04
-3.2801e-04
-3.4513e-04
-3.6251e-04
-3.8013e-04
-3.9801e-04
-4.1614e-04
-4.3450e-04
-4.5310e-04
-4.7192e-04
-4.9097e-04
-5.1024e-04
-5.2971e-04
-5.4941e-04
-5.6931e-04
-5.8942e-04
-6.0972e-04
-6.3022e-04
-6.5091e-04
-6.7178e-04
-6.9283e-04
-7.1406e-04
-7.3547e-04
-7.5702e-04
-7.7875e-04
-8.0065e-04
-8.2270e-04
-8.4491e-04
-8.6726e-04
-8.8975e-04
-9.1239e-04
-9.3517e-04
-9.5808e-04
-9.8111e-04
-1.0043e-03
-1.0275e-03
-1.0509e-03
-1.0744e-03
-1.0980e-03
-1.1218e-03
-1.1456e-03
-1.1695e-03
-1.1935e-03
-1.2176e-03
-1.2418e-03
-1.2660e-03
-1.2903e-03
-1.3147e-03
-1.3392e-03
-1.3638e-03
-1.3884e-03
-1.4130e-03
-1.4377e-03
-1.4625e-03
-1.4873e-03
-1.5122e-03
