-2.3509e-16
-2.3935e-16
-2.4446e-16
-2.5067e-16
-2.5244e-16
-7.8781e-16
-2.7548e-15
-1.0223e-14
-3.9410e-14
-1.5687e-13
-6.4069e-13
-2.6752e-12
-1.1387e-11
-4.9293e-11
-2.1654e-10
-9.6269e-10
-4.3092e-09
-1.9128e-08
-8.0450e-08
-2.9140e-07
-8.3370e-07
-1.8912e-06
-3.5955e-06
-6.0343e-06
-9.2697e-06
-1.3346e-05
-1.8293e-05
-2.4124e-05
-3.0829e-05
-3.8368e-05
-4.6677e-05
-5.5678e-05
-6.5298e-05
-7.5473e-05
-8.6154e-05
-9.7300e-05
-1.0888e-04
-1.2087e-04
-1.3324e-04
-1.4598e-04
-1.5908e-04
-1.7251e-04
-1.8628e-04
-2.0037e-04
-2.1477e-04
-2.2947e-04
-2.4446e-04
-2.5975e-04
-2.7531e-04
-2.9113e-04
-3.0724e-04
-3.2360e-04
-3.4020e-04
-3.5706e-04
-3.7417e-04
-3.9150e-04
-4.0907e-04
-4.2686e-04
-4.4487e-04
-4.6309e-04
-4.8152e-04
-5.0015e-04
-5.1898e-04
-5.3800e-04
-5.5720e-04
-5.7660e-04
-5.9615e-04
-6.1588e-04
-6.3577e-04
-6.5582e-04
-6.7602e-04
-6.9637e-04
-7.1686e-04
-7.3748e-04
-7.5824e-04
-7.7911e-04
-8.0011e-04
-8.2123e-04
-8.4245e-04
-8.6378e-04
-8.8520e-04
-9.0671e-04
-9.2831e-04
-9.4999e-04
-9.7175e-04
-9.9357e-04
-1.0155e-03
-1.0374e-03
-1.0594e-03
-1.0814e-03
-1.1035e-03
-1.1256e-03
-1.1478e-03
-1.1700e-03
-1.1922e-03
-1.2144e-03
-1.2366e-03
-1.2588e-03
-1.2810e-03
-1.3032e-03
-1.3254e-03
-1.3475e-03
-1.3697e-03
-1.3918e-03
-1.4139e-03
-1.4359e-03
-1.4579e-03
-1.4798e-03
-1.5017e-03
-1.5236e-03
-1.5453e-03
-1.5671e-03
-1.5887e-03
-1.6103e-03
-1.6317e-03
-1.6531e-03
-1.6745e-03
-1.6957e-03
-1.7168e-03
-1.7379e-03
-1.7588e-03
-1.7797e-03
-1.8004e-03
-1.8211e-03
-1.8416e-03
-1.8620e-03
-1.8823e-03
-1.9025e-03
-1.9225e-03
-1.9425e-03
-1.9623e-03
-1.9820e-03
-2.0016e-03
-2.0210e-03
-2.0403e-03
-2.0595e-03
-2.0785e-03
-2.0974e-03
-2.1162e-03
-2.1348e-03
-2.1533e-03
-2.1717e-03
-2.1899e-03
-2.2080e-03
-2.2260e-03
-2.2438e-03
-2.2615e-03
-2.2791e-03
-2.2965e-03
-2.3137e-03
-2.3308e-03
-2.3478e-03
-2.3646e-03
-2.3813e-03
-2.3979e-03
-2.4143e-03
-2.4306e-03
-2.4467e-03
-2.4627e-03
-2.4786e-03
-2.4943e-03
-2.5099e-03
-2.5254e-03
-2.5407e-03
-2.5559e-03
-2.5710e-03
-2.5859e-03
-2.6007e-03
-2.6153e-03
-2.6298e-03
-2.6442e-03
-2.6585e-03
-2.6726e-03
-2.6866e-03
-2.7005e-03
-2.7142e-03
-2.7279e-03
-2.7413e-03
-2.7547e-03
-2.7679e-03
-2.7810e-03
-2.7940e-03
-2.8069e-03
-2.8196e-03
-2.8323e-03
-2.8448e-03
-2.8572e-03
-2.8694e-03
-2.8816e-03
-2.8936e-03
-2.9055e-03
-2.9174e-03
-2.9290e-03
-2.9406e-03
-2.9521e-03
-2.9634e-03
-2.9747e-03
-2.9858e-03
-2.9968e-03
-3.0077e-03
-3.0185e-03
-3.0292e-03
-3.0398e-03
-3.0503e-03
-3.0607e-03
