8.7521e-10
1.9483e-09
3.4698e-09
5.4760e-09
7.9998e-09
1.1072e-08
-6.2539e-06
-1.1511e-05
-1.5808e-05
-1.9198e-05
-2.1756e-05
-2.3588e-05
-2.4846e-05
-2.5698e-05
-2.6266e-05
-2.6666e-05
-2.6986e-05
-2.7251e-05
-2.7491e-05
-2.7713e-05
-2.7914e-05
-2.8114e-05
-2.8306e-05
-2.8493e-05
-2.8672e-05
-2.8848e-05
-2.9020e-05
-2.9188e-05
-2.9353e-05
-2.9514e-05
-2.9671e-05
-2.9826e-05
-2.9979e-05
-3.0129e-05
-3.0278e-05
-3.0425e-05
-3.0569e-05
-3.0711e-05
-3.0852e-05
-3.0991e-05
-3.1129e-05
-3.1265e-05
-3.1401e-05
-3.1535e-05
-3.1660e-05
-3.1791e-05
-3.1921e-05
-3.2050e-05
-3.2178e-05
-3.2303e-05
-3.2428e-05
-3.2552e-05
-3.2676e-05
-3.2798e-05
-3.2920e-05
-3.3041e-05
-3.3162e-05
-3.3282e-05
-3.3401e-05
-3.3520e-05
-3.3638e-05
-3.3756e-05
-3.3873e-05
-3.3990e-05
-3.4106e-05
-3.4222e-05
-3.4337e-05
-3.4452e-05
-3.4566e-05
-3.4680e-05
-3.4794e-05
-3.4907e-05
-3.5020e-05
-3.5133e-05
-3.5245e-05
-3.5356e-05
-3.5466e-05
-3.5576e-05
-3.5685e-05
-3.5794e-05
-3.5903e-05
-3.6012e-05
-3.6120e-05
-3.6228e-05
-3.6336e-05
-3.6443e-05
-3.6550e-05
-3.6657e-05
-3.6764e-05
-3.6871e-05
-3.6977e-05
-3.7083e-05
-3.7189e-05
-3.7295e-05
-3.7401e-05
-3.7506e-05
-3.7611e-05
-3.7716e-05
-3.7821e-05
-3.7926e-05
-3.8031e-05
-3.8135e-05
-3.8239e-05
-3.8343e-05
-3.8448e-05
-3.8551e-05
-3.8655e-05
-3.8759e-05
-3.8862e-05
-3.8966e-05
-3.9069e-05
-3.9173e-05
-3.9276e-05
-3.9379e-05
-3.9482e-05
-3.9585e-05
-3.9688e-05
-3.9790e-05
-3.9893e-05
-3.9996e-05
-4.0098e-05
-4.0201e-05
-4.0303e-05
-4.0406e-05
-4.0508e-05
-4.0611e-05
-4.0713e-05
-4.0815e-05
-4.0918e-05
-4.1020e-05
-4.1122e-05
-4.1224e-05
-4.1327e-05
-4.1429e-05
-4.1531e-05
-4.1633e-05
-4.1736e-05
-4.1838e-05
-4.1940e-05
-4.2042e-05
-4.2145e-05
-4.2247e-05
-4.2349e-05
-4.2452e-05
-4.2554e-05
-4.2656e-05
-4.2759e-05
-4.2853e-05
-4.2954e-05
-4.3054e-05
-4.3155e-05
-4.3255e-05
-4.3356e-05
-4.3456e-05
-4.3557e-05
-4.3657e-05
-4.3758e-05
-4.3858e-05
-4.3959e-05
-4.4060e-05
-4.4160e-05
-4.4261e-05
-4.4362e-05
-4.4462e-05
-4.4563e-05
-4.4664e-05
-4.4765e-05
-4.4866e-05
-4.4966e-05
-4.5067e-05
-4.5168e-05
-4.5269e-05
-4.5370e-05
-4.5471e-05
-4.5573e-05
-4.5674e-05
-4.5777e-05
-4.5880e-05
-4.5984e-05
-4.6087e-05
-4.6191e-05
-4.6295e-05
-4.6398e-05
-4.6502e-05
-4.6606e-05
-4.6709e-05
-4.6813e-05
-4.6917e-05
-4.7021e-05
-4.7125e-05
-4.7229e-05
-4.7333e-05
-4.7437e-05
-4.7542e-05
-4.7646e-05
-4.7750e-05
-4.7855e-05
-4.7959e-05
-4.8064e-05
-4.8168e-05
-4.8273e-05
-4.8378e-05
-4.8482e-05
-4.8585e-05
-4.8688e-05
-4.8790e-05
