-1.5313e-17
-1.9172e-17
-1.7183e-17
-1.7978e-17
-1.7477e-17
-1.9748e-17
-1.7883e-17
-2.0532e-17
-1.8287e-17
-1.9318e-17
-1.8189e-17
-1.9160e-17
-1.9795e-17
-2.0630e-17
-2.3324e-17
-2.7839e-17
-4.5922e-17
-1.0608e-16
-2.9845e-16
-9.7080e-16
-3.4507e-15
-1.2916e-14
-5.0152e-14
-2.0061e-13
-8.2266e-13
-3.4463e-12
-1.4708e-11
-6.3803e-11
-2.8068e-10
-1.2485e-09
-5.5774e-09
-2.4529e-08
-1.0019e-07
-3.4117e-07
-8.9208e-07
-1.8108e-06
-3.0350e-06
-4.4746e-06
-6.0705e-06
-7.7905e-06
-9.6173e-06
-1.1540e-05
-1.3552e-05
-1.5648e-05
-1.7825e-05
-2.0078e-05
-2.2406e-05
-2.4806e-05
-2.7276e-05
-2.9815e-05
-3.2420e-05
-3.5091e-05
-3.7826e-05
-4.0625e-05
-4.3484e-05
-4.6404e-05
-4.9384e-05
-5.2422e-05
-5.5518e-05
-5.8670e-05
-6.1878e-05
-6.5141e-05
