-1.5106e-17
-1.8005e-17
-1.7418e-17
-1.9361e-17
-1.9107e-17
-1.9363e-17
-1.9442e-17
-2.0149e-17
-1.7630e-17
-1.7918e-17
-1.9582e-17
-2.0281e-17
-1.8995e-17
-2.0345e-17
-1.9931e-17
-1.8077e-17
-2.0712e-17
-2.0646e-17
-2.1289e-17
-2.1130e-17
-1.8497e-17
-1.9735e-17
-2.0331e-17
-1.9901e-17
-2.0488e-17
-2.0081e-17
-2.0075e-17
-2.1178e-17
-2.0591e-17
-2.0325e-17
-1.7941e-17
-1.8183e-17
-2.0437e-17
-1.9376e-17
-1.9070e-17
-1.8302e-17
-1.9831e-17
-1.8045e-17
-2.0941e-17
-1.8789e-17
-2.0137e-17
-1.8920e-17
-1.8686e-17
-1.8240e-17
-2.1949e-17
-2.4130e-17
-2.9249e-17
-4.4692e-17
-9.1661e-17
-2.4828e-16
-7.8957e-16
-2.7651e-15
-1.0249e-14
-3.9556e-14
-1.5746e-13
-6.4316e-13
-2.6856e-12
-1.1432e-11
-4.9486e-11
-2.1738e-10
-9.6639e-10
-4.3253e-09
-1.9197e-08
-8.0730e-08
-2.9249e-07
-8.3772e-07
-1.9041e-06
-3.6301e-06
-6.1130e-06
-9.4265e-06
-1.3627e-05
-1.8757e-05
-2.4838e-05
-3.1862e-05
-3.9780e-05
-4.8517e-05
-5.7979e-05
-6.8083e-05
-7.8759e-05
-8.9950e-05
-1.0161e-04
-1.1372e-04
-1.2623e-04
-1.3914e-04
-1.5242e-04
-1.6606e-04
-1.8005e-04
-1.9437e-04
-2.0902e-04
-2.2399e-04
-2.3926e-04
-2.5485e-04
-2.7072e-04
-2.8688e-04
-3.0331e-04
-3.2003e-04
-3.3701e-04
-3.5426e-04
-3.7176e-04
-3.8951e-04
-4.0750e-04
-4.2575e-04
-4.4423e-04
-4.6293e-04
-4.8186e-04
-5.0101e-04
-5.2037e-04
-5.3996e-04
-5.5975e-04
-5.7974e-04
