-7.9325e-19
1.4859e-19
-2.6105e-19
-3.7999e-19
1.4750e-18
-1.8299e-18
-1.8606e-18
-1.5080e-19
-1.5387e-18
-2.8261e-20
-1.4587e-18
3.0845e-19
6.2888e-19
9.2625e-19
1.3318e-18
-2.4732e-19
-2.4168e-19
7.3398e-19
-2.0067e-19
4.0124e-19
1.0395e-18
-4.7702e-19
-1.8613e-18
-8.2924e-19
-1.4517e-18
-3.0014e-19
1.7051e-19
4.8487e-20
-1.3967e-19
-8.0823e-19
-1.8172e-19
9.2775e-19
5.1965e-19
3.8327e-19
-1.1251e-19
-6.8571e-19
-1.1046e-19
4.0787e-19
-1.3204e-18
1.1614e-19
1.7715e-19
2.1844e-18
9.5116e-20
8.8415e-19
-8.8363e-19
-1.6329e-19
-3.0582e-19
8.8825e-19
3.1530e-20
-1.8249e-18
9.5643e-19
-5.6936e-19
-3.2908e-18
-2.3867e-19
-3.3762e-19
-5.3655e-19
-1.7388e-18
-1.5353e-18
-2.0588e-18
-9.0673e-19
-8.8981e-19
-6.1293e-20
1.3286e-18
-2.1510e-18
-2.2250e-18
1.0578e-18
7.2707e-21
1.5008e-18
1.9919e-18
2.2037e-18
5.5790e-19
-6.7821e-19
-8.5663e-19
-4.6219e-18
-1.9856e-18
-1.1976e-18
1.2439e-18
1.8309e-18
-1.6918e-18
4.5073e-19
-5.4596e-19
-2.7352e-18
3.3290e-18
1.7484e-18
2.7640e-19
-1.2276e-04
-2.4464e-04
-3.6593e-04
-4.8691e-04
-6.0775e-04
-7.2885e-04
-8.5021e-04
-9.7219e-04
-1.0949e-03
-1.2185e-03
-1.3430e-03
-1.4688e-03
-1.5958e-03
-1.7241e-03
-1.8540e-03
-1.9854e-03
-2.1183e-03
-2.2530e-03
-2.3895e-03
-2.5280e-03
-2.6684e-03
-2.8110e-03
-2.9558e-03
-3.1028e-03
-3.2523e-03
-3.4041e-03
-3.5586e-03
-3.7159e-03
-3.8759e-03
-4.0387e-03
-4.2046e-03
