-1.5877e-17
-1.9591e-17
-1.5744e-17
-2.0732e-17
-1.8101e-17
-1.8703e-17
-1.9266e-17
-2.0475e-17
-1.9523e-17
-2.0331e-17
-2.0316e-17
-2.1280e-17
-1.9858e-17
-1.9665e-17
-1.8699e-17
-2.1634e-17
-2.0809e-17
-1.9618e-17
-1.8636e-17
-2.2238e-17
-2.3310e-17
-2.0042e-17
-2.7308e-17
-3.3510e-17
-5.4380e-17
-1.1640e-16
-3.2705e-16
-1.0689e-15
-3.7993e-15
-1.4241e-14
-5.5417e-14
-2.2214e-13
-9.1290e-13
-3.8328e-12
-1.6396e-11
-7.1294e-11
-3.1443e-10
-1.4022e-09
-6.2813e-09
-2.7698e-08
-1.1349e-07
-3.8995e-07
-1.0509e-06
-2.2746e-06
-4.1880e-06
-6.8852e-06
-1.0433e-05
-1.4893e-05
-2.0295e-05
-2.6660e-05
-3.3975e-05
-4.2188e-05
-5.1210e-05
-6.0943e-05
-7.1311e-05
-8.2229e-05
-9.3688e-05
-1.0561e-04
-1.1796e-04
-1.3074e-04
-1.4392e-04
-1.5745e-04
-1.7137e-04
-1.8565e-04
-2.0027e-04
-2.1522e-04
-2.3051e-04
-2.4611e-04
-2.6203e-04
-2.7826e-04
-2.9478e-04
-3.1161e-04
-3.2872e-04
-3.4611e-04
-3.6379e-04
-3.8175e-04
-3.9998e-04
-4.1848e-04
-4.3725e-04
-4.5627e-04
-4.7556e-04
-4.9509e-04
-5.1488e-04
-5.3492e-04
-5.5520e-04
-5.7559e-04
-5.9633e-04
-6.1731e-04
-6.3856e-04
-6.6008e-04
-6.8169e-04
-7.0364e-04
-7.2584e-04
-7.4808e-04
-7.7072e-04
-7.9340e-04
-8.1636e-04
-8.3953e-04
-8.6289e-04
-8.8645e-04
-9.1021e-04
-9.3415e-04
-9.5828e-04
-9.8281e-04
-1.0071e-03
-1.0320e-03
-1.0568e-03
-1.0819e-03
-1.1070e-03
-1.1324e-03
