2.8585e-09
5.4713e-09
8.6560e-09
1.2441e-08
1.6852e-08
2.1916e-08
2.7659e-08
3.4104e-08
4.1276e-08
4.9198e-08
5.7890e-08
6.6472e-08
7.4787e-08
8.3689e-08
9.3193e-08
1.0331e-07
1.1406e-07
1.2544e-07
1.3748e-07
1.5019e-07
1.6357e-07
-3.4974e-05
-6.8860e-05
-1.0139e-04
-1.3270e-04
-1.6277e-04
-1.9138e-04
-2.1877e-04
-2.4487e-04
-2.6974e-04
-2.9337e-04
-3.1571e-04
-3.3696e-04
-3.5684e-04
-3.7563e-04
-3.9315e-04
-4.0946e-04
-4.2455e-04
-4.3862e-04
-4.5158e-04
-4.6359e-04
-4.7450e-04
-4.8454e-04
-4.9353e-04
-5.0154e-04
-5.0878e-04
-5.1534e-04
-5.2136e-04
-5.2699e-04
-5.3196e-04
-5.3649e-04
-5.4067e-04
-5.4454e-04
-5.4823e-04
-5.5163e-04
-5.5492e-04
-5.5806e-04
-5.6086e-04
-5.6358e-04
-5.6624e-04
-5.6882e-04
-5.7133e-04
-5.7369e-04
-5.7606e-04
-5.7839e-04
-5.8067e-04
-5.8289e-04
-5.8508e-04
-5.8722e-04
-5.8934e-04
-5.9142e-04
-5.9348e-04
-5.9544e-04
-5.9743e-04
-5.9939e-04
-6.0134e-04
-6.0326e-04
-6.0516e-04
-6.0704e-04
-6.0890e-04
-6.1074e-04
-6.1250e-04
-6.1430e-04
-6.1608e-04
-6.1784e-04
-6.1959e-04
-6.2132e-04
-6.2304e-04
-6.2474e-04
-6.2641e-04
-6.2803e-04
-6.2967e-04
-6.3130e-04
-6.3292e-04
-6.3453e-04
-6.3613e-04
-6.3772e-04
-6.3929e-04
-6.4086e-04
-6.4240e-04
-6.4394e-04
-6.4546e-04
-6.4698e-04
-6.4848e-04
-6.4998e-04
-6.5146e-04
-6.5294e-04
-6.5436e-04
-6.5581e-04
-6.5725e-04
-6.5867e-04
-6.6009e-04
-6.6150e-04
-6.6289e-04
-6.6428e-04
-6.6566e-04
-6.6703e-04
-6.6839e-04
-6.6974e-04
-6.7108e-04
-6.7241e-04
-6.7374e-04
-6.7505e-04
-6.7636e-04
-6.7766e-04
-6.7895e-04
-6.8023e-04
-6.8150e-04
-6.8276e-04
-6.8400e-04
-6.8524e-04
-6.8644e-04
-6.8765e-04
-6.8886e-04
-6.9005e-04
-6.9123e-04
-6.9239e-04
-6.9355e-04
-6.9470e-04
-6.9581e-04
-6.9691e-04
-6.9802e-04
-6.9912e-04
-7.0020e-04
-7.0126e-04
-7.0232e-04
-7.0336e-04
-7.0440e-04
-7.0542e-04
-7.0644e-04
-7.0744e-04
-7.0844e-04
-7.0942e-04
-7.1038e-04
-7.1133e-04
-7.1226e-04
-7.1321e-04
-7.1413e-04
-7.1502e-04
-7.1591e-04
-7.1678e-04
-7.1775e-04
-7.1864e-04
-7.1952e-04
-7.2042e-04
-7.2128e-04
-7.2214e-04
-7.2300e-04
-7.2384e-04
-7.2468e-04
-7.2550e-04
-7.2634e-04
-7.2714e-04
-7.2795e-04
-7.2875e-04
-7.2954e-04
-7.3033e-04
-7.3111e-04
-7.3188e-04
-7.3265e-04
-7.3341e-04
-7.3417e-04
-7.2146e-04
-7.3768e-04
-7.3828e-04
-7.3898e-04
-7.3967e-04
-7.4035e-04
-7.4102e-04
-7.4170e-04
-7.4236e-04
-7.4304e-04
-7.4371e-04
-7.4438e-04
-7.4504e-04
-7.4571e-04
-7.4637e-04
-7.4703e-04
-7.4769e-04
-7.4835e-04
-7.4900e-04
-7.4966e-04
-7.5031e-04
-7.5096e-04
-7.5160e-04
-7.5225e-04
-7.5289e-04
-7.5353e-04
-7.5417e-04
-7.5480e-04
-7.5543e-04
-7.5607e-04
-7.5670e-04
-7.5733e-04
-7.5796e-04
-7.5858e-04
