-9.1338e-13
-1.0615e-12
-1.0975e-12
-1.1168e-12
-1.1335e-12
-1.1503e-12
-1.1671e-12
-1.1839e-12
-1.2006e-12
-1.2174e-12
-5.1645e-12
-2.2213e-11
-9.7018e-11
-4.2957e-10
-1.9215e-09
-8.6116e-09
-3.7685e-08
-1.5029e-07
-4.9206e-07
-1.2614e-06
-2.6265e-06
-4.7093e-06
-7.5957e-06
-1.1359e-05
-1.6048e-05
-2.1706e-05
-2.8331e-05
-3.5917e-05
-4.4392e-05
-5.3673e-05
-6.3654e-05
-7.4260e-05
-8.5409e-05
-9.7098e-05
-1.0925e-04
-1.2186e-04
-1.3488e-04
-1.4831e-04
-1.6210e-04
-1.7628e-04
-1.9083e-04
-2.0572e-04
-2.2095e-04
-2.3653e-04
-2.5244e-04
-2.6867e-04
-2.8523e-04
-3.0210e-04
-3.1928e-04
-3.3678e-04
-3.5458e-04
-3.7268e-04
-3.9109e-04
-4.0980e-04
-4.2879e-04
-4.4808e-04
-4.6766e-04
-4.8752e-04
-5.0767e-04
-5.2811e-04
-5.4882e-04
-5.6982e-04
-5.9109e-04
-6.1264e-04
-6.3447e-04
-6.5656e-04
-6.7893e-04
-7.0156e-04
-7.2446e-04
-7.4762e-04
-7.7104e-04
-7.9472e-04
-8.1865e-04
-8.4281e-04
-8.6735e-04
-8.9209e-04
-9.1708e-04
-9.4250e-04
-9.6799e-04
-9.9372e-04
-1.0197e-03
-1.0459e-03
-1.0724e-03
-1.0994e-03
-1.1264e-03
-1.1536e-03
-1.1811e-03
-1.2089e-03
-1.2369e-03
-1.2652e-03
-1.2938e-03
-1.3229e-03
-1.3521e-03
-1.3815e-03
-1.4361e-03
-1.5024e-03
-1.5361e-03
-1.5686e-03
-1.6012e-03
-1.6334e-03
-1.6653e-03
-1.6970e-03
-1.7283e-03
-1.7592e-03
-1.7896e-03
-1.8195e-03
-1.8490e-03
-1.8778e-03
