1.9825e-18
1.2140e-18
-2.0104e-18
1.9958e-18
3.9123e-18
-1.5079e-18
1.0356e-18
6.6060e-18
-7.7475e-19
4.4547e-19
1.7739e-18
-7.4010e-18
1.0132e-19
1.6830e-18
1.9206e-19
-1.1350e-19
-4.0044e-18
8.0063e-19
1.1549e-18
2.5430e-20
-1.7157e-18
1.2902e-18
-1.0236e-18
-4.3063e-18
6.3008e-18
4.5746e-18
2.2664e-18
5.2898e-18
2.8796e-18
-3.7962e-18
5.6456e-18
4.4930e-18
-4.1828e-18
1.1964e-18
1.0180e-18
-1.0446e-18
1.8552e-18
-7.2544e-18
4.8878e-18
-1.5850e-18
-1.8500e-18
1.0524e-17
5.2226e-18
3.1344e-18
1.9490e-18
4.5551e-18
-2.4930e-18
-6.8983e-19
7.8942e-18
-4.1485e-18
1.7952e-18
-3.8222e-19
8.4295e-18
4.9662e-18
5.0431e-18
5.8337e-18
4.9652e-18
5.7522e-18
3.1692e-18
-1.6835e-18
-1.0782e-17
1.8931e-18
-3.1043e-20
-4.0121e-18
-8.3290e-19
-3.8072e-18
8.8706e-19
5.3916e-18
-4.5721e-18
-1.2163e-17
4.4460e-19
2.3644e-19
-6.6814e-18
9.1327e-18
-2.5229e-18
-2.1968e-18
-7.8862e-18
-1.9302e-18
1.2792e-18
5.2815e-19
-1.1262e-17
1.2666e-17
-8.1144e-18
-7.0079e-19
-5.3069e-18
-1.1611e-04
-2.3098e-04
-3.4441e-04
-4.5618e-04
-5.6607e-04
-6.7396e-04
-7.7960e-04
-8.8283e-04
-9.8354e-04
-1.0815e-03
-1.1765e-03
-1.2685e-03
-1.3574e-03
-1.4430e-03
-1.5251e-03
-1.6037e-03
-1.6786e-03
-1.7497e-03
-1.8168e-03
-1.8799e-03
-1.9388e-03
-1.9935e-03
-2.0436e-03
-2.0891e-03
-2.1296e-03
-2.1647e-03
-2.1933e-03
-2.2119e-03
-2.0346e-03
-1.9748e-03
-1.9431e-03
-1.9218e-03
-1.9055e-03
-1.8920e-03
-1.8804e-03
-1.8699e-03
-1.8605e-03
-1.8519e-03
-1.8441e-03
-1.8371e-03
-1.8307e-03
-1.8250e-03
-1.8199e-03
-1.8153e-03
-1.8112e-03
-1.8076e-03
-1.8044e-03
-1.8015e-03
-1.7988e-03
-1.7965e-03
-1.7945e-03
-1.7926e-03
-1.7910e-03
-1.7896e-03
-1.7884e-03
-1.7873e-03
-1.7863e-03
-1.7854e-03
-1.7845e-03
-1.7837e-03
-1.7829e-03
-1.7821e-03
-1.7813e-03
-1.7806e-03
-1.7799e-03
-1.7792e-03
-1.7785e-03
-1.7778e-03
-1.7772e-03
-1.7766e-03
-1.7759e-03
-1.7753e-03
-1.7748e-03
-1.7742e-03
-1.7736e-03
-1.7731e-03
-1.7725e-03
-1.7720e-03
-1.7715e-03
-1.7710e-03
-1.7705e-03
-1.7700e-03
-1.7695e-03
-1.7690e-03
-1.7686e-03
-1.7681e-03
-1.7677e-03
-1.7672e-03
-1.7668e-03
-1.7664e-03
-1.7660e-03
-1.7656e-03
-1.7652e-03
-1.7648e-03
-1.7645e-03
-1.7641e-03
-1.7638e-03
-1.7634e-03
-1.7631e-03
-1.7627e-03
-1.7624e-03
-1.7621e-03
-1.7618e-03
-1.7615e-03
-1.7612e-03
-1.7609e-03
-1.7607e-03
-1.7604e-03
-1.7601e-03
-1.7599e-03
-1.7596e-03
-1.7594e-03
-1.7592e-03
-1.7589e-03
-1.7587e-03
-1.7585e-03
-1.7583e-03
-1.7581e-03
-1.7579e-03
-1.7577e-03
-1.7576e-03
-1.7574e-03
-1.7572e-03
-1.7571e-03
-1.7569e-03
-1.7568e-03
-1.7567e-03
-1.7565e-03
-1.7564e-03
-1.7563e-03
-1.7562e-03
-1.7561e-03
-1.7560e-03
-1.7559e-03
-1.7558e-03
-1.7558e-03
-1.7557e-03
-1.7556e-03
-1.7556e-03
-1.7556e-03
-1.7555e-03
-1.7555e-03
-1.7555e-03
-1.7554e-03
-1.7554e-03
-1.7554e-03
-1.7554e-03
-1.7554e-03
-1.7555e-03
-1.7555e-03
-1.7555e-03
-1.7555e-03
-1.7556e-03
-1.7556e-03
-1.7557e-03
-1.7557e-03
-1.7558e-03
-1.7559e-03
-1.7559e-03
-1.7560e-03
-1.7561e-03
-1.7562e-03
-1.7563e-03
-1.7564e-03
-1.7565e-03
-1.7567e-03
-1.7568e-03
-1.7569e-03
-1.7571e-03
-1.7572e-03
-1.7574e-03
-1.7575e-03
-1.7577e-03
-1.7578e-03
-1.7580e-03
-1.7582e-03
-1.7584e-03
-1.7586e-03
-1.7588e-03
-1.7590e-03
-1.7592e-03
-1.7594e-03
-1.7596e-03
-1.7598e-03
-1.7600e-03
-1.7603e-03
-1.7605e-03
-1.7607e-03
-1.7610e-03
-1.7612e-03
-1.7615e-03
-1.7617e-03
-1.7620e-03
-1.7623e-03
-1.7625e-03
-1.7628e-03
-1.7631e-03
-1.7634e-03
-1.7637e-03
-1.7640e-03
