-7.6976e-14
-8.8866e-14
-9.1244e-14
-9.2213e-14
-9.2958e-14
-9.3656e-14
-9.4331e-14
-9.4989e-14
-9.5631e-14
-9.6261e-14
-3.9011e-13
-1.6172e-12
-6.8406e-12
-2.9450e-11
-1.2876e-10
-5.7037e-10
-2.5498e-09
-1.1388e-08
-4.9231e-08
-1.9044e-07
-5.9530e-07
-1.4603e-06
-2.9426e-06
-5.1521e-06
-8.1702e-06
-1.2059e-05
-1.6868e-05
-2.2627e-05
-2.9339e-05
-3.6970e-05
-4.5454e-05
-5.4698e-05
-6.4616e-05
-7.5134e-05
-8.6187e-05
-9.7729e-05
-1.0972e-04
-1.2214e-04
-1.3496e-04
-1.4816e-04
-1.6172e-04
-1.7565e-04
-1.8991e-04
-2.0451e-04
-2.1943e-04
-2.3467e-04
-2.5021e-04
-2.6606e-04
-2.8219e-04
-2.9862e-04
-3.1532e-04
-3.3230e-04
-3.4954e-04
-3.6705e-04
-3.8483e-04
-4.0285e-04
-4.2111e-04
-4.3963e-04
-4.5839e-04
-4.7737e-04
-4.9658e-04
-5.1602e-04
-5.3568e-04
-5.5555e-04
-5.7563e-04
-5.9593e-04
-6.1643e-04
-6.3713e-04
-6.5803e-04
-6.7912e-04
-7.0039e-04
-7.2185e-04
-7.4349e-04
-7.6528e-04
-7.8727e-04
-8.0942e-04
-8.3174e-04
-8.5422e-04
-8.7685e-04
-8.9964e-04
-9.2258e-04
-9.4565e-04
-9.6888e-04
-9.9224e-04
-1.0157e-03
-1.0393e-03
-1.0631e-03
-1.0870e-03
-1.1109e-03
-1.1351e-03
