-4.8871e-19
-1.0993e-18
1.2883e-18
7.4231e-19
-5.6660e-19
1.8903e-20
6.7208e-19
-3.9791e-19
3.8087e-19
-5.9838e-19
1.4411e-18
3.1870e-19
8.3396e-19
-1.0461e-18
1.8435e-18
-5.8929e-19
-1.8705e-18
1.5309e-19
1.5235e-18
-3.8268e-19
-5.6827e-19
-1.3327e-18
-8.3796e-19
-1.3860e-18
-9.2204e-19
-3.7038e-19
-1.7526e-18
-3.7756e-19
1.8116e-18
1.0923e-18
1.6102e-18
3.4328e-18
2.6663e-18
-4.4525e-19
2.1377e-18
1.1144e-18
-6.9673e-18
-2.8847e-18
4.4818e-18
1.5937e-18
2.5402e-18
-4.7370e-18
8.6672e-19
-1.7070e-18
-4.7627e-18
-2.2325e-18
5.7240e-18
-2.2295e-18
8.4321e-18
8.9237e-18
3.5727e-18
9.1183e-19
-8.6289e-18
6.9170e-18
-1.8362e-18
4.6089e-18
-6.1085e-18
-8.7335e-18
1.9254e-18
-1.0072e-17
4.3910e-18
-8.3834e-18
5.7552e-18
1.0671e-17
2.8071e-18
-6.8018e-18
-1.6862e-18
6.4878e-18
5.0876e-18
6.2873e-18
-7.5119e-18
-5.7965e-18
-2.3188e-18
-3.6211e-17
2.7265e-17
-2.2335e-17
-1.8697e-18
-5.5212e-18
7.4342e-18
4.2110e-20
-1.1092e-17
-2.6654e-18
-1.0351e-17
-1.6385e-17
-1.9019e-17
-1.1900e-04
-2.3688e-04
-3.5360e-04
-4.6911e-04
-5.8330e-04
-6.9623e-04
-8.0768e-04
-9.1779e-04
-1.0264e-03
-1.1334e-03
-1.2390e-03
-1.3429e-03
-1.4451e-03
-1.5457e-03
-1.6445e-03
-1.7416e-03
-1.8369e-03
-1.9304e-03
-2.0221e-03
-2.1118e-03
-2.1997e-03
-2.2856e-03
-2.3696e-03
-2.4516e-03
-2.5315e-03
-2.6095e-03
-2.6855e-03
-2.7595e-03
-2.8314e-03
-2.9012e-03
-2.9689e-03
-3.0345e-03
-3.0983e-03
-3.1599e-03
-3.2195e-03
-3.2769e-03
-3.3323e-03
-3.3856e-03
-3.4371e-03
-3.4865e-03
-3.5340e-03
-3.5794e-03
-3.6229e-03
-3.6645e-03
-3.7042e-03
-3.7421e-03
-3.7783e-03
-3.8127e-03
-3.8455e-03
-3.8765e-03
-3.9058e-03
-3.9334e-03
-3.9597e-03
-3.9844e-03
-4.0076e-03
-4.0295e-03
-4.0504e-03
-4.0698e-03
-4.0881e-03
-4.1053e-03
-4.1214e-03
-4.1365e-03
-4.1506e-03
-4.1637e-03
-4.1761e-03
-4.1878e-03
-4.1988e-03
-4.2092e-03
-4.2190e-03
-4.2283e-03
-4.2371e-03
-4.2454e-03
-4.2534e-03
-4.2611e-03
-4.2684e-03
-4.2753e-03
-4.2822e-03
-4.2887e-03
-4.2950e-03
-4.3010e-03
-4.3068e-03
-4.3125e-03
-4.3180e-03
-4.3234e-03
-4.3286e-03
-4.3336e-03
-4.3386e-03
-4.3434e-03
-4.3481e-03
-4.3527e-03
-4.3572e-03
-4.3617e-03
-4.3660e-03
-4.3703e-03
-4.3744e-03
-4.3785e-03
-4.3826e-03
-4.3866e-03
-4.3905e-03
-4.3943e-03
-4.3981e-03
-4.4019e-03
-4.4056e-03
-4.4092e-03
-4.4128e-03
-4.4164e-03
-4.4199e-03
-4.4234e-03
-4.4268e-03
-4.4302e-03
-4.4335e-03
-4.4368e-03
-4.4401e-03
-4.4434e-03
-4.4466e-03
-4.4498e-03
-4.4529e-03
-4.4561e-03
-4.4591e-03
-4.4622e-03
-4.4653e-03
-4.4683e-03
-4.4713e-03
-4.4742e-03
-4.4772e-03
-4.4801e-03
-4.4830e-03
-4.4859e-03
-4.4887e-03
-4.4916e-03
-4.4944e-03
-4.4972e-03
-4.4999e-03
-4.5027e-03
-4.5054e-03
-4.5081e-03
-4.5108e-03
-4.5135e-03
-4.5161e-03
-4.5188e-03
-4.5214e-03
-4.5240e-03
-4.5266e-03
-4.5292e-03
-4.5318e-03
-4.5343e-03
-4.5369e-03
-4.5394e-03
-4.5419e-03
-4.5444e-03
-4.5469e-03
-4.5494e-03
-4.5518e-03
-4.5543e-03
-4.5567e-03
-4.5591e-03
-4.5616e-03
-4.5640e-03
-4.5664e-03
-4.5687e-03
-4.5711e-03
-4.5735e-03
-4.5758e-03
-4.5782e-03
-4.5805e-03
-4.5829e-03
-4.5852e-03
-4.5875e-03
-4.5898e-03
-4.5921e-03
-4.5943e-03
-4.5966e-03
-4.5989e-03
-4.6012e-03
-4.6034e-03
-4.6056e-03
-4.6079e-03
-4.6101e-03
-4.6124e-03
-4.6145e-03
-4.6167e-03
-4.6189e-03
-4.6212e-03
-4.6233e-03
-4.6255e-03
-4.6276e-03
-4.6298e-03
-4.6320e-03
-4.6341e-03
-4.6363e-03
-4.6384e-03
-4.6405e-03
-4.6426e-03
-4.6448e-03
-4.6469e-03
-4.6490e-03
-4.6511e-03
-4.6532e-03
-4.6553e-03
-4.6573e-03
