2.8585e-09
5.4713e-09
8.6560e-09
1.2441e-08
1.6852e-08
2.1916e-08
2.7659e-08
-1.4221e-05
-2.7326e-05
-3.9298e-05
-5.0118e-05
-5.9853e-05
-6.8541e-05
-7.6203e-05
-8.2861e-05
-8.8580e-05
-9.3449e-05
-9.7509e-05
-1.0078e-04
-1.0345e-04
-1.0560e-04
-1.0739e-04
-1.0888e-04
-1.1010e-04
-1.1118e-04
-1.1215e-04
-1.1303e-04
-1.1385e-04
-1.1463e-04
-1.1533e-04
-1.1602e-04
-1.1669e-04
-1.1735e-04
-1.1798e-04
-1.1860e-04
-1.1921e-04
-1.1981e-04
-1.2036e-04
-1.2093e-04
-1.2148e-04
-1.2203e-04
-1.2257e-04
-1.2311e-04
-1.2363e-04
-1.2415e-04
-1.2466e-04
-1.2517e-04
-1.2567e-04
-1.2617e-04
-1.2666e-04
-1.2712e-04
-1.2759e-04
-1.2807e-04
-1.2854e-04
-1.2900e-04
-1.2946e-04
-1.2992e-04
-1.3037e-04
-1.3082e-04
-1.3126e-04
-1.3170e-04
-1.3213e-04
-1.3257e-04
-1.3300e-04
-1.3343e-04
-1.3386e-04
-1.3428e-04
-1.3470e-04
-1.3512e-04
-1.3554e-04
-1.3595e-04
-1.3637e-04
-1.3678e-04
-1.3719e-04
-1.3759e-04
-1.3799e-04
-1.3840e-04
-1.3880e-04
-1.3919e-04
-1.3959e-04
-1.3999e-04
-1.4038e-04
-1.4077e-04
-1.4116e-04
-1.4153e-04
-1.4192e-04
-1.4230e-04
-1.4268e-04
-1.4306e-04
-1.4344e-04
-1.4382e-04
-1.4420e-04
-1.4458e-04
-1.4495e-04
-1.4533e-04
-1.4570e-04
-1.4607e-04
-1.4644e-04
-1.4680e-04
-1.4717e-04
-1.4753e-04
-1.4790e-04
-1.4826e-04
-1.4862e-04
-1.4898e-04
-1.4934e-04
-1.4970e-04
-1.5006e-04
-1.5042e-04
-1.5078e-04
-1.5113e-04
-1.5149e-04
-1.5185e-04
-1.5220e-04
-1.5255e-04
-1.5289e-04
-1.5324e-04
-1.5359e-04
-1.5393e-04
-1.5428e-04
-1.5463e-04
-1.5497e-04
-1.5532e-04
-1.5566e-04
-1.5601e-04
-1.5635e-04
-1.5670e-04
-1.5704e-04
-1.5738e-04
-1.5772e-04
-1.5807e-04
-1.5841e-04
-1.5875e-04
-1.5909e-04
-1.5943e-04
-1.5977e-04
-1.6011e-04
-1.6045e-04
-1.6079e-04
-1.6113e-04
-1.6146e-04
-1.6180e-04
-1.6214e-04
-1.6247e-04
-1.6280e-04
-1.6314e-04
-1.6347e-04
-1.6380e-04
-1.6413e-04
-1.6447e-04
-1.6480e-04
-1.6513e-04
-1.6546e-04
-1.6579e-04
-1.6612e-04
-1.6645e-04
-1.6678e-04
-1.6711e-04
-1.6744e-04
-1.6777e-04
-1.6810e-04
-1.6842e-04
-1.6875e-04
-1.6908e-04
-1.6941e-04
-1.6974e-04
-1.7006e-04
-1.7039e-04
-1.7072e-04
-1.7105e-04
-1.7137e-04
-1.7170e-04
-1.7202e-04
-1.7235e-04
-1.7268e-04
-1.7300e-04
-1.7333e-04
-1.7365e-04
-1.7397e-04
-1.7429e-04
-1.7461e-04
-1.7493e-04
-1.7524e-04
-1.7556e-04
-1.7587e-04
-1.7618e-04
-1.7650e-04
-1.7681e-04
-1.7712e-04
-1.7744e-04
-1.7775e-04
-1.7806e-04
-1.7837e-04
-1.7868e-04
-1.7900e-04
-1.7931e-04
-1.7962e-04
-1.7993e-04
-1.8024e-04
-1.8055e-04
-1.8086e-04
-1.8118e-04
-1.8149e-04
-1.8180e-04
-1.8212e-04
-1.8243e-04
-1.8274e-04
