-2.0026e-16
-2.3323e-16
-7.3647e-16
-2.5842e-15
-9.5613e-15
-3.6833e-14
-1.4633e-13
-5.9644e-13
-2.4851e-12
-1.0554e-11
-4.5581e-11
-1.9973e-10
-8.8560e-10
-3.9524e-09
-1.7485e-08
-7.3186e-08
-2.6235e-07
-7.3061e-07
-1.5657e-06
-2.7275e-06
-4.1248e-06
-5.6908e-06
-7.3880e-06
-9.1964e-06
-1.1104e-05
-1.3102e-05
-1.5187e-05
-1.7352e-05
-1.9596e-05
-2.1915e-05
-2.4307e-05
-2.6770e-05
-2.9301e-05
-3.1900e-05
-3.4563e-05
-3.7290e-05
-4.0079e-05
-4.2930e-05
-4.5840e-05
-4.8808e-05
-5.1833e-05
-5.4915e-05
-5.8051e-05
-6.1242e-05
-6.4485e-05
-6.7780e-05
-7.1126e-05
-7.4522e-05
-7.7967e-05
-8.1460e-05
-8.5001e-05
-8.8588e-05
-9.2220e-05
-9.5897e-05
-9.9617e-05
-1.0338e-04
-1.0719e-04
-1.1103e-04
-1.1492e-04
-1.1885e-04
-1.2281e-04
-1.2682e-04
-1.3086e-04
-1.3494e-04
-1.3905e-04
-1.4320e-04
-1.4738e-04
-1.5159e-04
-1.5584e-04
-1.6012e-04
-1.6443e-04
-1.6877e-04
-1.7314e-04
-1.7753e-04
-1.8196e-04
-1.8641e-04
-1.9088e-04
-1.9539e-04
-1.9991e-04
-2.0446e-04
-2.0903e-04
-2.1363e-04
-2.1824e-04
-2.2288e-04
-2.2753e-04
-2.3220e-04
-2.3689e-04
-2.4160e-04
-2.4633e-04
-2.5106e-04
-2.5582e-04
-2.6059e-04
-2.6537e-04
-2.7016e-04
-2.7496e-04
-2.7978e-04
-2.8460e-04
-2.8943e-04
-2.9428e-04
-2.9913e-04
-3.0398e-04
-3.0884e-04
-3.1371e-04
-3.1858e-04
-3.2346e-04
-3.2833e-04
-3.3322e-04
-3.3810e-04
-3.4298e-04
-3.4786e-04
-3.5274e-04
-3.5763e-04
-3.6250e-04
-3.6738e-04
-3.7225e-04
-3.7712e-04
-3.8199e-04
-3.8684e-04
-3.9170e-04
-3.9654e-04
-4.0138e-04
-4.0621e-04
-4.1103e-04
-4.1585e-04
-4.2065e-04
-4.2544e-04
-4.3023e-04
-4.3500e-04
-4.3976e-04
-4.4451e-04
-4.4924e-04
-4.5396e-04
-4.5867e-04
-4.6336e-04
-4.6803e-04
-4.7270e-04
-4.7734e-04
-4.8197e-04
-4.8658e-04
-4.9118e-04
-4.9576e-04
-5.0032e-04
-5.0486e-04
-5.0938e-04
-5.1388e-04
-5.1837e-04
-5.2283e-04
-5.2727e-04
-5.3169e-04
-5.3609e-04
-5.4047e-04
-5.4483e-04
-5.4917e-04
-5.5348e-04
-5.5778e-04
-5.6204e-04
-5.6629e-04
-5.7051e-04
-5.7471e-04
-5.7889e-04
-5.8304e-04
-5.8717e-04
-5.9127e-04
-5.9535e-04
-5.9940e-04
-6.0343e-04
-6.0744e-04
-6.1142e-04
-6.1537e-04
-6.1930e-04
-6.2320e-04
-6.2708e-04
-6.3093e-04
-6.3475e-04
-6.3855e-04
-6.4233e-04
-6.4607e-04
-6.4979e-04
-6.5349e-04
-6.5716e-04
-6.6080e-04
-6.6441e-04
-6.6800e-04
-6.7156e-04
-6.7510e-04
-6.7861e-04
-6.8209e-04
-6.8554e-04
-6.8897e-04
-6.9238e-04
-6.9575e-04
-6.9910e-04
-7.0242e-04
-7.0572e-04
-7.0899e-04
-7.1223e-04
-7.1545e-04
-7.1864e-04
-7.2180e-04
-7.2494e-04
-7.2805e-04
-7.3113e-04
