-1.5313e-17
-1.9172e-17
-1.6913e-17
-1.7221e-17
-1.8118e-17
-2.0685e-17
-1.8312e-17
-1.8837e-17
-2.0381e-17
-2.0419e-17
-2.2303e-17
-1.8813e-17
-1.9304e-17
-2.1865e-17
-2.2282e-17
-2.1751e-17
-2.2002e-17
-1.9728e-17
-2.1086e-17
-2.2662e-17
-2.2492e-17
-2.1428e-17
-2.0946e-17
-2.0086e-17
-2.3505e-17
-1.9953e-17
-2.0733e-17
-2.1802e-17
-2.2363e-17
-2.2747e-17
-2.4169e-17
-2.4785e-17
-2.7155e-17
-3.5347e-17
-5.9802e-17
-1.2745e-16
-3.5649e-16
-1.1734e-15
-4.1798e-15
-1.5699e-14
-6.1190e-14
-2.4596e-13
-1.0125e-12
-4.2579e-12
-1.8244e-11
-7.9464e-11
-3.5102e-10
-1.5676e-09
-7.0282e-09
-3.0962e-08
-1.2621e-07
-4.2954e-07
-1.1458e-06
-2.4609e-06
-4.5095e-06
-7.3906e-06
-1.1185e-05
-1.5963e-05
-2.1785e-05
-2.8709e-05
-3.6788e-05
-4.6073e-05
-5.6608e-05
-6.8430e-05
-8.1587e-05
-9.6100e-05
-1.1199e-04
-1.2927e-04
-1.4793e-04
-1.6796e-04
-1.8932e-04
-2.1197e-04
-2.3582e-04
-2.6083e-04
-2.8691e-04
-3.1406e-04
-3.4217e-04
-3.7120e-04
-4.0109e-04
