-7.9325e-19
1.4859e-19
-2.6105e-19
-3.7999e-19
1.4750e-18
-1.8299e-18
-1.8606e-18
-1.5080e-19
-1.5387e-18
-2.8261e-20
-1.4587e-18
3.0845e-19
6.2888e-19
9.2625e-19
1.3318e-18
-2.4732e-19
-2.4168e-19
7.3398e-19
-2.0067e-19
4.0124e-19
1.0395e-18
-4.7702e-19
-1.8613e-18
-8.2924e-19
-1.4517e-18
-3.0014e-19
1.7051e-19
4.8487e-20
-1.3967e-19
-8.0823e-19
-1.8172e-19
9.2775e-19
5.1965e-19
3.8327e-19
-1.9419e-05
-3.7724e-05
-5.4999e-05
-7.1296e-05
-8.6686e-05
-1.0120e-04
-1.1485e-04
-1.2767e-04
-1.3967e-04
-1.5084e-04
-1.6120e-04
-1.7074e-04
-1.7948e-04
-1.8743e-04
-1.9463e-04
-2.0112e-04
-2.0693e-04
-2.1213e-04
-2.1675e-04
-2.2086e-04
-2.2453e-04
-2.2782e-04
-2.3081e-04
-2.3353e-04
-2.3605e-04
-2.3841e-04
-2.4064e-04
-2.4277e-04
-2.4482e-04
-2.4680e-04
-2.4873e-04
-2.5060e-04
-2.5243e-04
-2.5422e-04
-2.5598e-04
-2.5771e-04
-2.5941e-04
-2.6109e-04
-2.6273e-04
-2.6436e-04
-2.6597e-04
-2.6755e-04
-2.6912e-04
-2.7067e-04
-2.7220e-04
-2.7372e-04
-2.7522e-04
-2.7670e-04
-2.7817e-04
-2.7963e-04
-2.8107e-04
-2.8250e-04
-2.8392e-04
-2.8532e-04
-2.8671e-04
-2.8810e-04
-2.8946e-04
-2.9083e-04
-2.9218e-04
-2.9351e-04
-2.9484e-04
-2.9615e-04
-2.9746e-04
-2.9875e-04
-3.0003e-04
-3.0131e-04
-3.0257e-04
-3.0383e-04
-3.0507e-04
-3.0631e-04
-3.0754e-04
-3.0876e-04
-3.0997e-04
-3.1116e-04
-3.1235e-04
-3.1353e-04
-3.1470e-04
-3.1586e-04
-3.1702e-04
-3.1816e-04
-3.1929e-04
-3.2042e-04
-3.2153e-04
-3.2264e-04
-3.2374e-04
-3.2483e-04
-3.2591e-04
-3.2699e-04
-3.2805e-04
-3.2910e-04
-3.3015e-04
-3.3118e-04
-3.3221e-04
-3.3322e-04
-3.3423e-04
-3.3523e-04
-3.3623e-04
-3.3721e-04
-3.3818e-04
-3.3915e-04
-3.4010e-04
-3.4106e-04
-3.4200e-04
-3.4293e-04
-3.4386e-04
-3.4477e-04
-3.4568e-04
-3.4658e-04
-3.4747e-04
-3.4835e-04
-3.4923e-04
-3.5010e-04
-3.5096e-04
-3.5181e-04
-3.5266e-04
-3.5350e-04
-3.5433e-04
-3.5516e-04
-3.5598e-04
-3.5679e-04
-3.5759e-04
-3.5840e-04
-3.5920e-04
-3.5999e-04
-3.6077e-04
-3.6154e-04
-3.6232e-04
-3.6308e-04
-3.6384e-04
-3.6460e-04
-3.6535e-04
-3.6610e-04
-3.6684e-04
-3.6757e-04
-3.6830e-04
-3.6903e-04
-3.6976e-04
-3.7048e-04
-3.7119e-04
-3.7190e-04
-3.7261e-04
-3.7331e-04
-3.7401e-04
-3.7471e-04
-3.7540e-04
-3.7609e-04
-3.7678e-04
-3.7746e-04
-3.7814e-04
-3.7882e-04
-3.7950e-04
-3.8018e-04
-3.8084e-04
-3.8151e-04
-3.8217e-04
-3.8283e-04
-3.8349e-04
-3.8415e-04
-3.8480e-04
-3.8545e-04
-3.8610e-04
-3.8674e-04
-3.8739e-04
-3.8803e-04
-3.8867e-04
-3.8931e-04
-3.8994e-04
-3.9057e-04
-3.9120e-04
-3.9183e-04
-3.9246e-04
-3.9309e-04
-3.9371e-04
-3.9433e-04
-3.9495e-04
-3.9557e-04
-3.9619e-04
-3.9680e-04
-3.9742e-04
-3.9803e-04
-3.9864e-04
-3.9925e-04
-3.9985e-04
-4.0046e-04
-4.0106e-04
-4.0167e-04
-4.0227e-04
-4.0287e-04
-4.0347e-04
-4.0406e-04
-4.0466e-04
-4.0525e-04
-4.0585e-04
-4.0644e-04
-4.0703e-04
-4.0762e-04
-4.0821e-04
-4.0879e-04
-4.0938e-04
-4.0997e-04
