-2.3185e-16
-2.3968e-16
-2.4209e-16
-2.4464e-16
-2.4714e-16
-2.5061e-16
-2.5290e-16
-2.5416e-16
-2.5573e-16
-2.5908e-16
-8.2373e-16
-2.8900e-15
-1.0734e-14
-4.1493e-14
-1.6545e-13
-6.7686e-13
-2.8309e-12
-1.2070e-11
-5.2333e-11
-2.3026e-10
-1.0252e-09
-4.5951e-09
-2.0413e-08
-8.5828e-08
-3.1048e-07
-8.8752e-07
-2.0145e-06
-3.8379e-06
-6.4628e-06
-9.9714e-06
-1.4433e-05
-1.9908e-05
-2.6454e-05
-3.4120e-05
-4.2953e-05
-5.2996e-05
-6.4286e-05
-7.6856e-05
-9.0732e-05
-1.0594e-04
-1.2248e-04
-1.4035e-04
-1.5955e-04
-1.8004e-04
-2.0177e-04
-2.2469e-04
-2.4873e-04
-2.7382e-04
-2.9989e-04
-3.2689e-04
-3.5478e-04
-3.8349e-04
-4.1298e-04
-4.4323e-04
-4.7417e-04
-5.0580e-04
-5.3807e-04
-5.7100e-04
-6.0453e-04
-6.3865e-04
-6.7335e-04
-7.0862e-04
-7.4444e-04
-7.8079e-04
-8.1766e-04
-8.5502e-04
-8.9289e-04
-9.3123e-04
-9.7004e-04
-1.0093e-03
-1.0490e-03
-1.0891e-03
-1.1297e-03
-1.1707e-03
-1.2121e-03
-1.2539e-03
-1.2961e-03
-1.3386e-03
-1.3816e-03
-1.4249e-03
-1.4685e-03
-1.5125e-03
-1.5568e-03
-1.6015e-03
-1.6465e-03
-1.6917e-03
-1.7373e-03
-1.7832e-03
-1.8293e-03
-1.8758e-03
-1.9225e-03
-1.9694e-03
-2.0166e-03
-2.0641e-03
-2.1118e-03
-2.1598e-03
-2.2079e-03
-2.2563e-03
-2.3048e-03
-2.3536e-03
-2.4026e-03
-2.4517e-03
-2.5010e-03
-2.5505e-03
-2.6002e-03
-2.6500e-03
-2.6999e-03
-2.7499e-03
-2.8001e-03
-2.8504e-03
-2.9008e-03
-2.9514e-03
-3.0020e-03
-3.0527e-03
-3.1035e-03
-3.1544e-03
-3.2053e-03
-3.2563e-03
-3.3074e-03
-3.3585e-03
-3.4097e-03
-3.4610e-03
-3.5122e-03
-3.5634e-03
-3.6147e-03
-3.6660e-03
-3.7172e-03
-3.7685e-03
-3.8198e-03
-3.8711e-03
-3.9223e-03
-3.9735e-03
-4.0246e-03
-4.0757e-03
-4.1268e-03
-4.1778e-03
-4.2288e-03
-4.2797e-03
-4.3305e-03
-4.3812e-03
-4.4319e-03
-4.4824e-03
-4.5329e-03
-4.5833e-03
-4.6336e-03
-4.6836e-03
-4.7337e-03
-4.7836e-03
-4.8334e-03
-4.8831e-03
-4.9326e-03
-4.9820e-03
-5.0313e-03
-5.0804e-03
-5.1294e-03
-5.1782e-03
-5.2269e-03
-5.2754e-03
-5.3237e-03
-5.3718e-03
-5.4198e-03
-5.4676e-03
-5.5152e-03
-5.5627e-03
-5.6099e-03
-5.6570e-03
-5.7038e-03
-5.7505e-03
-5.7970e-03
-5.8432e-03
-5.8893e-03
-5.9351e-03
-5.9807e-03
-6.0261e-03
-6.0713e-03
-6.1163e-03
-6.1610e-03
-6.2056e-03
-6.2499e-03
-6.2939e-03
-6.3378e-03
-6.3814e-03
-6.4247e-03
-6.4679e-03
-6.5107e-03
-6.5534e-03
-6.5958e-03
-6.6380e-03
-6.6799e-03
-6.7215e-03
-6.7630e-03
-6.8041e-03
-6.8450e-03
-6.8857e-03
-6.9261e-03
-6.9663e-03
-7.0062e-03
-7.0459e-03
-7.0853e-03
-7.1244e-03
-7.1633e-03
-7.2019e-03
-7.2404e-03
-7.2785e-03
-7.3164e-03
-7.3540e-03
-7.3913e-03
-7.4284e-03
-7.4652e-03
-7.5018e-03
