1.9825e-18
1.2140e-18
-2.0104e-18
1.9958e-18
3.9123e-18
-1.5079e-18
1.0356e-18
6.6060e-18
-7.7475e-19
4.4547e-19
1.7739e-18
-7.4010e-18
1.0132e-19
1.6830e-18
1.9206e-19
-1.1350e-19
-4.0044e-18
8.0063e-19
1.1549e-18
2.5430e-20
-1.7157e-18
1.2902e-18
-1.0236e-18
-4.3063e-18
6.3008e-18
4.5746e-18
2.2664e-18
5.2898e-18
2.8796e-18
-3.7962e-18
5.6456e-18
4.4930e-18
-4.1828e-18
1.1964e-18
-1.9155e-05
-3.7076e-05
-5.3726e-05
-6.9065e-05
-8.3069e-05
-9.5742e-05
-1.0707e-04
-1.1707e-04
-1.2578e-04
-1.3323e-04
-1.3951e-04
-1.4467e-04
-1.4883e-04
-1.5211e-04
-1.5465e-04
-1.5656e-04
-1.5801e-04
-1.5911e-04
-1.5997e-04
-1.6065e-04
-1.6123e-04
-1.6173e-04
-1.6217e-04
-1.6257e-04
-1.6294e-04
-1.6328e-04
-1.6360e-04
-1.6390e-04
-1.6419e-04
-1.6446e-04
-1.6473e-04
-1.6498e-04
-1.6522e-04
-1.6546e-04
-1.6569e-04
-1.6591e-04
-1.6612e-04
-1.6633e-04
-1.6653e-04
-1.6673e-04
-1.6692e-04
-1.6711e-04
-1.6730e-04
-1.6748e-04
-1.6766e-04
-1.6784e-04
-1.6801e-04
-1.6818e-04
-1.6835e-04
-1.6851e-04
-1.6868e-04
-1.6884e-04
-1.6900e-04
-1.6915e-04
-1.6931e-04
-1.6947e-04
-1.6962e-04
-1.6977e-04
-1.6992e-04
-1.7007e-04
-1.7021e-04
-1.7036e-04
-1.7050e-04
-1.7065e-04
-1.7079e-04
-1.7093e-04
-1.7107e-04
-1.7121e-04
-1.7135e-04
-1.7148e-04
-1.7162e-04
-1.7175e-04
-1.7189e-04
-1.7202e-04
-1.7216e-04
-1.7229e-04
-1.7242e-04
-1.7255e-04
-1.7268e-04
-1.7281e-04
-1.7294e-04
-1.7307e-04
-1.7320e-04
-1.7332e-04
-1.7345e-04
-1.7358e-04
-1.7370e-04
-1.7383e-04
-1.7395e-04
-1.7407e-04
-1.7419e-04
-1.7432e-04
-1.7444e-04
-1.7456e-04
-1.7468e-04
-1.7480e-04
-1.7492e-04
-1.7504e-04
-1.7516e-04
-1.7528e-04
-1.7540e-04
-1.7551e-04
-1.7563e-04
-1.7575e-04
-1.7586e-04
-1.7598e-04
-1.7609e-04
-1.7621e-04
-1.7632e-04
-1.7644e-04
-1.7655e-04
-1.7666e-04
-1.7678e-04
-1.7689e-04
-1.7700e-04
-1.7711e-04
-1.7723e-04
-1.7734e-04
-1.7745e-04
-1.7756e-04
-1.7767e-04
-1.7778e-04
-1.7789e-04
-1.7800e-04
-1.7811e-04
-1.7822e-04
-1.7833e-04
-1.7843e-04
-1.7854e-04
-1.7865e-04
-1.7876e-04
-1.7886e-04
-1.7897e-04
-1.7908e-04
-1.7918e-04
-1.7929e-04
-1.7940e-04
-1.7950e-04
-1.7961e-04
-1.7971e-04
-1.7982e-04
-1.7992e-04
-1.8002e-04
-1.8013e-04
-1.8023e-04
-1.8034e-04
-1.8044e-04
-1.8054e-04
-1.8065e-04
-1.8075e-04
-1.8085e-04
-1.8095e-04
-1.8106e-04
-1.8116e-04
-1.8126e-04
-1.8136e-04
-1.8146e-04
-1.8156e-04
-1.8166e-04
-1.8176e-04
-1.8186e-04
-1.8196e-04
-1.8206e-04
-1.8216e-04
-1.8226e-04
-1.8236e-04
-1.8246e-04
-1.8255e-04
-1.8265e-04
-1.8275e-04
-1.8285e-04
-1.8295e-04
-1.8304e-04
-1.8314e-04
-1.8324e-04
-1.8333e-04
-1.8343e-04
-1.8353e-04
-1.8362e-04
-1.8372e-04
-1.8381e-04
-1.8391e-04
-1.8400e-04
-1.8410e-04
-1.8419e-04
-1.8429e-04
-1.8438e-04
-1.8448e-04
-1.8457e-04
-1.8466e-04
-1.8476e-04
-1.8485e-04
-1.8495e-04
-1.8504e-04
-1.8513e-04
-1.8522e-04
-1.8532e-04
-1.8541e-04
-1.8550e-04
-1.8559e-04
